,obj_values,MRO_obj_values,epsilon,online_time,MRO_time,MRO_mean_val,MRO_square_val,MRO_sig_val,mean_val,square_val,sig_val,worst_values,MRO_worst_values,worst_times,MRO_worst_times,worst_values_regret,MRO_worst_values_regret,worst_times_regret,MRO_worst_times_regret,t,MRO_eval0,MRO_eval1,MRO_eval2,MRO_eval3,MRO_satisfy0,MRO_satisfy1,MRO_satisfy2,MRO_satisfy3,O_eval0,O_eval1,O_eval2,O_eval3,O_satisfy0,O_satisfy1,O_satisfy2,O_satisfy3,O_worst_satisfy0,O_worst_satisfy1,O_worst_satisfy2,O_worst_satisfy3,MRO_worst_satisfy0,MRO_worst_satisfy1,MRO_worst_satisfy2,MRO_worst_satisfy3
0,0.019951480630060855,0.020164248959488332,0.00562127825641667,3.692663169000298,6.214518382912502,0.07306472977260152,0.006206664821313844,-6.938893903907229e-19,0.07145343116107161,0.005574553687655554,6.245004513516505e-19,0.02478875064559504,0.028096389399754187,0.00020162004511803389,0.00018285098485648632,0.0,0.0,0.00016606994904577732,0.00028050108812749386,0,0.018575839560396264,0.018738682213523282,0.01874472496944268,0.01781025128881248,1.0,1.0,1.0,1.0,0.02403001841142523,0.02492668700327396,0.02448897344652784,0.02424010421327324,0.0,0.0,0.0,0.0,1.0,0.0,1.0,1.0,1.0,1.0,1.0,1.0
1,0.01994145470915882,0.020160078164994818,0.00561942329457216,5.728251579217613,7.530053180875257,0.0729794783795363,0.006182703336577575,6.802837160693361e-20,0.07146436572263844,0.005571751201486108,-2.0408511482080083e-19,0.024685482720748435,0.02793668524051522,0.000251291086897254,0.00016456004232168198,0.02468404989591775,0.02793669501598843,0.00014556001406162977,0.00013794098049402237,1,0.018575853510032967,0.01873870287540459,0.018744750843401662,0.017810269878622862,1.0,1.0,1.0,1.0,0.024012127308907158,0.024905885199320764,0.02446896272498387,0.024220592751026254,0.0,0.0,0.0,0.0,1.0,0.0,1.0,1.0,1.0,1.0,1.0,1.0
2,0.02100128702866277,0.020636477273872876,0.005519288080199151,3.234121264074929,2.2032895830925554,0.08109130850047472,0.0075709719800685,2.0816681711721684e-19,0.08180657396905178,0.007565340944866318,-6.591949208711867e-19,0.028145593635368678,0.0262241794536753,0.0003218409838154912,0.00030515005346387625,0.03161069683371209,0.02926628737709141,0.0003249109722673893,0.0003335210494697094,100,0.016422631037949616,0.017003589947751665,0.016743758698246305,0.016513634476961896,1.0,1.0,1.0,1.0,0.01952589779628666,0.020938592429282504,0.02037026791508059,0.02035117998501367,1.0,1.0,1.0,1.0,1.0,1.0,1.0,1.0,1.0,1.0,1.0,1.0
3,0.020983720827584186,0.020632040852989565,0.005518676894951403,4.872248633182608,2.8976979613071308,0.08092105842913964,0.007541297596747287,6.892940964146253e-19,0.08163418748846342,0.007536497921082557,-7.366830655431308e-19,0.028079041976366487,0.026175287560895436,0.0003708610311150551,0.000797601998783648,0.02808073236675349,0.026182792546058705,0.0006958020385354757,0.0003158609615638852,101,0.016416199900106353,0.01699575567651639,0.01673486919883399,0.01650469228009735,1.0,1.0,1.0,1.0,0.019521499151915218,0.020933896658793433,0.020363980410986256,0.020346104382249038,1.0,1.0,1.0,1.0,1.0,1.0,1.0,1.0,1.0,1.0,1.0,1.0
4,0.019996473973157212,0.020641419921187797,0.005472497647822249,10.079139576875605,8.562252607080154,0.08391227247472473,0.008079375529748224,-7.45931094670027e-20,0.08530388589162693,0.008331719110705425,-2.914335439641036e-19,0.026222132372710046,0.02488688041589599,0.00033160101156681776,0.000289910938590765,0.030311996636959916,0.026729699723738665,0.0003257110947743058,0.0004457710310816765,200,0.015252527398746732,0.015874897702836514,0.01550484357298966,0.015457181079780787,1.0,1.0,1.0,1.0,0.016277196662648343,0.017403944929803433,0.01657053356686441,0.01668460934299467,1.0,1.0,1.0,1.0,1.0,1.0,1.0,1.0,1.0,1.0,1.0,1.0
5,0.020257907761638175,0.020854463867764638,0.005472133554484492,5.935307315317914,6.639942822512239,0.08395549410215589,0.008086151111901156,2.0042621833994981e-19,0.08534640640474334,0.008337984918341894,4.423199301295444e-19,0.026494128388368822,0.02509894442037063,0.0003734210040420294,0.00036960095167160034,0.026460044619300644,0.025085567325583178,0.00030165095813572407,0.00031355093233287334,201,0.01527910551390419,0.01590307369947406,0.015536255081131657,0.01548881141207948,1.0,1.0,1.0,1.0,0.016281077506750074,0.01740956280160793,0.016575339561546196,0.016689270688954528,1.0,1.0,1.0,1.0,1.0,1.0,1.0,1.0,1.0,1.0,1.0,1.0
6,0.0192361902021001,0.01998610280825969,0.00544189447860562,4.545847621629946,4.106850434211083,0.08371583256093164,0.008064231807797435,-6.938893903907229e-20,0.08590402368723891,0.008455325489879956,-2.7259940336778397e-19,0.02605270312034306,0.024198573533609925,0.0004230509512126446,0.022787766996771097,0.02562784608623208,0.02441696571555959,0.0004027410177513957,0.00042477098759263754,300,0.015980023226191367,0.017086909882181683,0.016444755597563573,0.016385918184831913,1.0,1.0,1.0,1.0,0.017345488964154502,0.018198538973432234,0.017876236120041796,0.017291915545589672,1.0,1.0,1.0,1.0,1.0,1.0,1.0,1.0,1.0,1.0,1.0,1.0
7,0.019224031817375878,0.019957176261231863,0.005441635716418847,6.866005846532062,2.4194925031624734,0.08375255233845125,0.008066914307506822,-1.532091958839915e-19,0.08592663123335101,0.0084550837731434,-1.630936601345716e-19,0.02602076930744545,0.024195690649183928,0.0005399709334596992,0.00038800109177827835,0.02602286764384803,0.024179174224791107,0.000408221036195755,0.00042213103733956814,301,0.01599283283189277,0.017101349398980385,0.01646231548848824,0.016400013727209218,1.0,1.0,1.0,1.0,0.01734917932236966,0.018201256456768733,0.017879640710743994,0.017295144305915867,1.0,1.0,1.0,1.0,1.0,1.0,1.0,1.0,1.0,1.0,1.0,1.0
8,0.01896065262192693,0.020098085968497027,0.0054191483720727645,4.448510357411578,4.898901112144813,0.08449775848209007,0.00841701270735273,-8.692892085172666e-19,0.08637300073851861,0.008780004648722707,-1.0119220276531375e-18,0.027508959541761455,0.024969255210807232,0.0005678320303559303,0.0005155920516699553,0.02603352913421539,0.024571677071586612,0.00049898202996701,0.000582301989197731,400,0.016321439856968784,0.016921586353805872,0.016561030416511496,0.01612982169327898,1.0,1.0,1.0,1.0,0.01820641944792178,0.018813593911024766,0.01837819258066251,0.01802836277091325,1.0,1.0,1.0,1.0,1.0,1.0,1.0,1.0,1.0,1.0,1.0,1.0
9,0.018951466470029266,0.02009025181538065,0.005418947889262732,4.962918276782148,4.138800941524096,0.08445472180922234,0.008407635278551186,3.077114813262629e-19,0.08636718768081425,0.008775769759569719,-9.615983791445716e-19,0.027481030731391277,0.024950674200669622,0.0005908210296183825,0.000527850934304297,0.02748081928001351,0.024950620671688337,0.0004971009911969304,0.0004625520668923855,401,0.016321854942391002,0.01692202810516682,0.0165614236245188,0.01613025629664762,1.0,1.0,1.0,1.0,0.0182067013722985,0.018813764247766086,0.018378595989380665,0.018028663312519864,1.0,1.0,1.0,1.0,1.0,1.0,1.0,1.0,1.0,1.0,1.0,1.0
10,0.01891291116171107,0.020346222159578806,0.005401054242408396,3.694859529612586,4.339016553945839,0.08408394306588504,0.008298080453383799,-5.677276830469551e-20,0.08608457269222113,0.008629924965723457,-7.498736480245198e-19,0.029548275029016823,0.02580676110947898,0.0006008910713717341,0.0006224209209904075,0.028204704521076186,0.025887339837881336,0.0005551519570872188,0.000529172015376389,500,0.016060407217108313,0.016652351294393096,0.016220096440918173,0.016058764984480615,1.0,1.0,1.0,1.0,0.019227776556265543,0.01989211734140749,0.019251460081013885,0.01922472396418133,0.0,0.0,0.0,0.0,1.0,1.0,1.0,1.0,1.0,1.0,1.0,1.0
11,0.018906846613590832,0.020343921610560138,0.005400890725182584,2.725334925111383,3.674255381571129,0.0840912499730541,0.008298271218951688,-4.785444071660157e-19,0.08610163177811293,0.008630675149628711,-8.224981998165896e-19,0.02952289177263838,0.025794553245922464,0.000573482015170157,0.0005853810580447316,0.029522908559385597,0.025794550844539483,0.0005713519640266895,0.0005214010598137975,501,0.016060113341589684,0.016651835267299915,0.0162196426131772,0.016058266010052856,1.0,1.0,1.0,1.0,0.019227760057633644,0.0198921013486837,0.0192514408713714,0.019224715470182403,0.0,0.0,0.0,0.0,1.0,1.0,1.0,1.0,1.0,1.0,1.0,1.0
12,0.01884812290577516,0.02030265185445775,0.005386037354501762,3.43981729936786,4.149693847168237,0.08387665429094932,0.0081691528999944,-3.422742858369623e-19,0.08589440574249868,0.008490745728266445,3.1225022567582527e-19,0.028804651567393286,0.025692876015062413,0.0007573720067739487,0.0007562009850516915,0.028667104820405968,0.025424630122618613,0.0006923620821908116,0.0006664919201284647,600,0.016529903989046347,0.017528246438498655,0.016593147673536354,0.016885097858435016,1.0,1.0,1.0,1.0,0.01934516512021619,0.01998927754704379,0.0193992369993768,0.019348850829032482,0.0,0.0,0.0,0.0,1.0,1.0,1.0,1.0,1.0,1.0,1.0,1.0
13,0.018842686671285438,0.020299457622213447,0.005385899358872321,2.516869910643436,3.9104475300991908,0.08386896224512953,0.00816393969320931,-2.284985223732891e-19,0.08586449859977811,0.008485154765595257,7.99411740081478e-20,0.02804003510305343,0.0256817906507929,0.0006770420586690307,0.0006327710580080748,0.028784393463402166,0.025681402293330546,0.0006982509512454271,0.000657471944577992,601,0.016529869986035447,0.017527998926673817,0.016593066319664996,0.01688497282263653,1.0,1.0,1.0,1.0,0.018263285596054387,0.018969103848973733,0.018452987843148083,0.018472727299288828,1.0,0.0,1.0,1.0,1.0,1.0,1.0,1.0,1.0,1.0,1.0,1.0
14,0.0185285528581217,0.019944981472977574,0.005373206886185562,1.9037017127266154,2.6916208983166143,0.08435446714995215,0.008283306747235203,2.868076146948321e-19,0.0863605127431476,0.008599560349419605,-3.0531133177191803e-19,0.0284302795158475,0.02647282986668731,0.008150930050760508,0.000715691945515573,0.02786002324507598,0.025478439979763408,0.0007436920423060656,0.0013216829393059015,700,0.01719526069362032,0.01758807685843357,0.01729848555397253,0.01705412827138715,1.0,1.0,1.0,1.0,0.019473940662215094,0.02014100835245225,0.01954917097804514,0.019481722023741776,0.0,0.0,0.0,0.0,1.0,1.0,1.0,1.0,1.0,1.0,1.0,1.0
15,0.018524374541754825,0.01994028816929279,0.00537308756244541,1.8125509195961058,2.9288435141788796,0.08433767636679765,0.008279170628729335,4.550473032855273e-19,0.08634671578645493,0.008595967208154483,-3.372431790847055e-19,0.028413275778275352,0.02645951677060651,0.0007325320038944483,0.0007539120269939303,0.028412916780641572,0.026459444407749857,0.0007034910377115011,0.0007756419945508242,701,0.017195308631055665,0.017588137706647466,0.01729851029988461,0.017054175630846668,1.0,1.0,1.0,1.0,0.019474294461932974,0.020141360509616683,0.019549590663232135,0.01948209668620227,0.0,0.0,0.0,0.0,1.0,1.0,1.0,1.0,1.0,1.0,1.0,1.0
16,0.01853862651081173,0.01959442516602696,0.005362009778096073,1.7096809565555304,1.8700211255345494,0.0856201477560859,0.008645283446428481,-2.2449362630288092e-20,0.0879832493450627,0.00914933544634197,4.336808689942018e-19,0.028401073488196427,0.026253690115498426,0.0009803620632737875,0.00090543192345649,0.028149939116746223,0.026277774538435373,0.0008587620686739683,0.0008034120546653867,800,0.015827623206554155,0.016474462722172192,0.016193298697687902,0.01609944046362333,1.0,1.0,1.0,1.0,0.019731019498829844,0.020451709911123602,0.01985151133607988,0.019751038864123854,0.0,0.0,0.0,0.0,1.0,1.0,1.0,1.0,1.0,1.0,1.0,1.0
17,0.018483210844190412,0.019576518716149533,0.0053619047034760775,2.1736669031670317,1.9333980520023033,0.08561486144829246,0.008642883803666804,-1.6307623745962934e-19,0.08797961644794171,0.009147876511267566,4.397962278989378e-19,0.02844356797886264,0.026253327807727773,0.0009454619139432907,0.0009126620134338737,0.02838526002358944,0.026241221286620528,0.0008021520916372538,0.0008035119390115142,801,0.015841270938455148,0.016491052220072522,0.01621022725320133,0.01611358453442689,1.0,1.0,1.0,1.0,0.019792393183652,0.020524424357965632,0.01992548102478693,0.019816643375151596,0.0,0.0,0.0,0.0,1.0,1.0,1.0,1.0,1.0,1.0,1.0,1.0
18,0.018774294815973563,0.019581469133397787,0.00535207910310292,4.193059507757425,1.9319393644109368,0.08627297285260804,0.00897977441393074,-4.2911580721531544e-20,0.0892278634261526,0.00946582511506446,-5.587635617356873e-19,0.028161849425580615,0.027351324924044875,0.0009487720672041178,0.0009737620130181313,0.02851256273052112,0.026166989432130448,0.0008760429918766022,0.001427883980795741,900,0.017377018672913382,0.01813133671216025,0.01741392567030072,0.01773735624741522,1.0,1.0,1.0,1.0,0.01941267467765352,0.02014241229561585,0.01947282438611525,0.01942700212620731,0.0,0.0,0.0,0.0,1.0,1.0,1.0,1.0,1.0,1.0,1.0,1.0
19,0.018770329211466135,0.019576906099992616,0.005351985257185444,3.705160825396888,2.559268890065141,0.08626326824387616,0.008976550056698116,3.557003972823106e-19,0.08920713407775574,0.00946130306075986,-5.527036942386673e-19,0.02814811889948774,0.02733866927486036,0.004250820027664304,0.0037869500229135156,0.028148012651987762,0.027338591653872472,0.0008790419669821858,0.0008946720045059919,901,0.017377225173559597,0.01813151025724784,0.01741416091490105,0.01773756217692034,1.0,1.0,1.0,1.0,0.01941282360305318,0.020142555181680566,0.0194730123736817,0.0194271595392326,0.0,0.0,0.0,0.0,1.0,1.0,1.0,1.0,1.0,1.0,1.0,1.0
20,0.01923151043947924,0.019737582546192,0.005343158968368854,4.1570875502657145,2.1123879639199004,0.08620634827614891,0.008919504114220317,1.1168314950098301e-18,0.08918108174452978,0.009431548113057306,-1.3547364288580779e-19,0.028724036819652302,0.02643093141157122,0.0010632630437612534,0.013902875012718141,0.02892027927134118,0.027870209507951438,0.0009645130485296249,0.001004531979560852,1000,0.01575105549939763,0.016335485166300276,0.015863454586773473,0.015737916292537908,1.0,1.0,1.0,1.0,0.019157094286621327,0.019848376463369743,0.019174634958327646,0.01915472159615083,1.0,0.0,1.0,1.0,1.0,1.0,1.0,1.0,1.0,1.0,1.0,1.0
21,0.019247026233050517,0.01973791669880005,0.005343074197355271,4.950659141642973,2.4299264398869127,0.08619561885746903,0.00891635951414944,-9.903273887593571e-20,0.0891674351775615,0.00942791474515845,-2.030171146956682e-19,0.02875139280017517,0.026429515120372612,0.0011469828896224499,0.001012343098409474,0.028769178352952934,0.026432427606449198,0.0010387019719928503,0.0009241929510608315,1001,0.0157475060021309,0.01633142041473362,0.015858742004784765,0.015734098592558036,1.0,1.0,1.0,1.0,0.019133562172763095,0.01982103587632958,0.019146924831616886,0.01912989953883113,1.0,0.0,1.0,1.0,1.0,1.0,1.0,1.0,1.0,1.0,1.0,1.0
22,0.01923372530846825,0.019898645879388374,0.0053350638289534034,3.715207300730981,2.12680032546632,0.08652108353293246,0.008914050123533667,1.0430967683808367e-18,0.08984129007821127,0.009475426247482722,-2.5115779021751165e-19,0.028952015246060975,0.026463549232196803,0.0010907320538535714,0.0010312319500371814,0.029008366749658662,0.026434020630196384,0.001100942026823759,0.0010788730578497052,1100,0.015793432642654783,0.01637450211365075,0.015920352726608675,0.015781602618727967,1.0,1.0,1.0,1.0,0.019071479028105267,0.019738488821261113,0.019073841602009464,0.019063096440346275,1.0,0.0,1.0,1.0,1.0,1.0,1.0,1.0,1.0,1.0,1.0,1.0
23,0.01923043601456066,0.019874597702779308,0.005334986543345378,3.399705717456527,1.912685677409172,0.08651105115379558,0.008911320175298307,4.951356757891054e-06,0.08983331230554994,0.009472982889619041,-7.42268733204672e-19,0.02894039689383554,0.026468785902770534,0.001331103965640068,0.0009834329830482602,0.028940282679970872,0.026454383408019963,0.0011897330405190587,0.0009942619362846017,1101,0.015808987154402928,0.01639336491537985,0.015941250601846885,0.015798675043002475,1.0,1.0,1.0,1.0,0.01907163510485012,0.019738640674254227,0.01907403393965256,0.01906326477820036,1.0,0.0,1.0,1.0,1.0,1.0,1.0,1.0,1.0,1.0,1.0,1.0
24,0.01925223514491002,0.019712835014022552,0.005327654874802584,3.855017845169641,2.381098863435909,0.08593906967036342,0.008769538039993393,4.996003610813204e-20,0.08928474129293315,0.009336890673992009,4.996003610813204e-20,0.029097240925694472,0.026357055204295942,0.0011297229211777449,0.0011581130092963576,0.029238587598730027,0.02635202999667641,0.0011107029858976603,0.001102341921068728,1200,0.0157893486013769,0.016387498961266785,0.0159295797269336,0.015793747296759045,1.0,1.0,1.0,1.0,0.018912017317674706,0.019555596751054092,0.01888904204462631,0.018898387780364723,1.0,0.0,1.0,1.0,1.0,1.0,1.0,1.0,1.0,1.0,1.0,1.0
25,0.019249350000933984,0.019709749308585236,0.005327583868276455,4.206460446701385,2.014854527777061,0.08597842318821776,0.008777410027711935,-1.969070612219877e-19,0.08932003894399979,0.009343513830004167,3.522140390872174e-19,0.02908658664193754,0.026348724766463903,0.0011418419890105724,0.0011444130213931203,0.02908648614922476,0.026348658407313836,0.0011282929917797446,0.001029913080856204,1201,0.015789489912019193,0.016387604244022805,0.015929710026862446,0.015793864962649565,1.0,1.0,1.0,1.0,0.018912154416009835,0.019555727384067783,0.018889210027912662,0.01889853356006008,1.0,0.0,1.0,1.0,1.0,1.0,1.0,1.0,1.0,1.0,1.0,1.0
26,0.019548529839564295,0.020276464706784233,0.00532082555790044,4.076952644623816,2.081883562495932,0.08638418154904291,0.008897481068088277,-3.1739014708612693e-19,0.08980754368648904,0.009480142765412647,-1.7401846424752526e-18,0.028427207354715447,0.02675083822417114,0.0012886530021205544,0.0011033419286832213,0.029621233076610444,0.02686861871476432,0.001238113036379218,0.0013126230333000422,1300,0.01555954898627153,0.01622571982960133,0.01589298658499753,0.01585361292987833,1.0,1.0,1.0,1.0,0.017220118800021642,0.017907056379981717,0.01722229412155177,0.017539459840609686,1.0,1.0,1.0,1.0,1.0,1.0,1.0,1.0,1.0,1.0,1.0,1.0
27,0.019554556966164798,0.020280024767454493,0.005320759893418535,3.8676830945769325,2.682540718582459,0.08637691637959767,0.00889523773135674,-3.9933308736401703e-19,0.0897969702652738,0.009477313768259462,-1.4538420841411841e-18,0.028437316897942273,0.026757289938009125,0.0014968538889661431,0.001351843005977571,0.028443545266836786,0.026762519965308467,0.001517864060588181,0.003117708023637533,1301,0.015555123873950947,0.016219775687501724,0.01588776041881973,0.015849333455655236,1.0,1.0,1.0,1.0,0.017214832273282896,0.01789996002447816,0.017216505912730724,0.017533852695836138,1.0,1.0,1.0,1.0,1.0,1.0,1.0,1.0,1.0,1.0,1.0,1.0
28,0.019439128512186626,0.020282893713609716,0.005314492318673376,3.7163794925436378,1.84982867364306,0.08645694081612412,0.008863119827228932,1.21550279420168e-18,0.08991355296425922,0.009458305190219181,-1.6988326454393558e-18,0.028283946386083055,0.026851598367262752,0.0012663230299949646,0.0013783540343865752,0.02829267135341835,0.026767681908860405,0.0011820030631497502,0.0012636330211535096,1400,0.015635656783117832,0.01632369429128959,0.015977924218088083,0.015931628642771593,1.0,1.0,1.0,1.0,0.017202977974404385,0.017891390645081807,0.017201188987544087,0.01751923206236538,1.0,1.0,1.0,1.0,1.0,1.0,1.0,1.0,1.0,1.0,1.0,1.0
29,0.019436504731965242,0.020279771751736713,0.0053144312539600965,3.250084411003627,1.4384898729622364,0.0864662136115548,0.008863917713299542,1.0329435446202352e-18,0.08991962401157691,0.009458488246002568,-8.548086046336438e-19,0.028275254693179958,0.026843992611255963,0.007354307919740677,0.0015557139413431287,0.028275226954820334,0.02684394948525545,0.0016029439866542816,0.0012386930175125599,1401,0.015635736548307744,0.016323760423106137,0.015978014450244726,0.015931721422958667,1.0,1.0,1.0,1.0,0.017203023539815503,0.017891422038803728,0.01720125660376628,0.017519303428007164,1.0,1.0,1.0,1.0,1.0,1.0,1.0,1.0,1.0,1.0,1.0,1.0
30,0.019380124553678327,0.020244054520380767,0.005308588420482018,2.8992663589306176,1.199115195660852,0.08643681306820511,0.008824380801513362,-3.487353395430064e-06,0.09000682272400895,0.00944370187599527,-7.860815493156192e-19,0.028310538780855755,0.02678585262172417,0.001842315075919032,0.0014769940171390772,0.028387190990447394,0.026842567481770004,0.0021168350940570235,0.0014381540240719914,1500,0.015577314832286101,0.016252970934164418,0.015911775761275518,0.015866079696887872,1.0,1.0,1.0,1.0,0.017128639115050085,0.01780162882709195,0.017122380864742045,0.017441260038396963,1.0,1.0,1.0,1.0,1.0,1.0,1.0,1.0,1.0,1.0,1.0,1.0
31,0.019377789211457854,0.020247157357930375,0.005308531357598292,2.5588152576237917,0.8080654757795855,0.08642928778835761,0.008822113652057097,8.947638818706935e-20,0.08999413680687644,0.009440777871865709,-1.605681747388268e-18,0.028302462801022554,0.026774341602143592,0.0013286430621519685,0.001225842977873981,0.028302445599323045,0.026778796818036018,0.002304435009136796,0.00177207391243428,1501,0.015573051645058456,0.016247684826469856,0.015906778544709912,0.01586191655004365,1.0,1.0,1.0,1.0,0.01712866615293848,0.01780164373582407,0.01712242694547777,0.017441308455963905,1.0,1.0,1.0,1.0,1.0,1.0,1.0,1.0,1.0,1.0,1.0,1.0
32,0.019114676409720165,0.02004312647864244,0.005303059720732687,1.9452923914650455,0.8972687374334782,0.08667189059018085,0.00885431705558487,1.2132550856225668e-18,0.0903100484353712,0.009491579213369534,1.1775092685418328e-19,0.0280715148133679,0.026740526056052094,0.001622264040634036,0.0013487340183928609,0.02815143565489476,0.026694635346875398,0.00145322410389781,0.0014207529602572322,1600,0.015624455933733471,0.016307473827366088,0.01596336800341479,0.015915431604885275,1.0,1.0,1.0,1.0,0.01704497558405977,0.01771058721276008,0.017030319645680202,0.01735643136556897,1.0,1.0,1.0,1.0,1.0,1.0,1.0,1.0,1.0,1.0,1.0,1.0
33,0.01911030144009445,0.020037870614810126,0.005303006170968898,1.9587821171153337,0.9954216686310247,0.0866502029634082,0.008850536043027324,-2.017364672244379e-19,0.09028610360713105,0.009487424346009504,-1.0507107667939474e-20,0.028065180312209632,0.026735387191920614,0.0015538540901616216,0.0013422130141407251,0.02806412605795419,0.026733871613475457,0.001316523994319141,0.0012607428943738341,1601,0.01562609517881042,0.01630953486690751,0.01596508811694391,0.01591680660816735,1.0,1.0,1.0,1.0,0.017045720384613952,0.017711946003233055,0.017031023167205346,0.017357135789302685,1.0,1.0,1.0,1.0,1.0,1.0,1.0,1.0,1.0,1.0,1.0,1.0
34,0.018975822956073876,0.019918383877539032,0.00529786169184411,1.7089641399215907,0.6899043334415182,0.08647916299994131,0.008794023214695542,-3.737090002532893e-19,0.0901853194499269,0.00944613754580113,5.848496290436093e-20,0.027905605205007473,0.027956954616323575,0.0017611540388315916,0.0013399330200627446,0.027877518387230897,0.0265800577093138,0.0013995940098538995,0.001308823935687542,1700,0.017067406647612308,0.01777246120827714,0.01708484202009254,0.017419660162634864,1.0,1.0,1.0,1.0,0.017077678461646328,0.017744254814652215,0.01706779437184818,0.017392162196936668,1.0,1.0,1.0,1.0,1.0,1.0,1.0,1.0,1.0,1.0,1.0,1.0
35,0.018974013852900748,0.019915928421008887,0.005297811250669062,1.4804141093045473,0.8057474944507703,0.08648889843222156,0.008795026292828233,-1.7894598963352985e-19,0.09010268912292627,0.009434886988447405,-8.024705971109159e-19,0.027898703746650697,0.027949951692620045,0.002965408028103411,0.002672696951776743,0.027898696283846433,0.02794990832732539,0.0015115130227059126,0.0013742130249738693,1701,0.01706748899394627,0.017772522819224097,0.01708493014656367,0.017419743398094805,1.0,1.0,1.0,1.0,0.017077694669862576,0.017744262555544853,0.017067824137552555,0.017392195639213834,1.0,1.0,1.0,1.0,1.0,1.0,1.0,1.0,1.0,1.0,1.0,1.0
36,0.018837532478851483,0.019569099453010084,0.005292957273582052,1.433664528070949,0.7611977293854579,0.08674795904130139,0.008954034628600817,1.021142629912834e-18,0.09054896055529914,0.009632892321637688,-7.346788342853126e-19,0.02772502272535076,0.027590493456933478,0.001645504031330347,0.0016507540130987763,0.027765303221752254,0.027814574119617835,0.001614023931324482,0.0015611530980095267,1800,0.016848159155074975,0.01751319813052335,0.01684111377040609,0.01718795445796144,1.0,1.0,1.0,1.0,0.01703705014771885,0.017699051886834186,0.017027142112885328,0.01735637903661892,1.0,1.0,1.0,1.0,1.0,1.0,1.0,1.0,1.0,1.0,1.0,1.0
37,0.018835925310112266,0.01956719240179701,0.005292909602379973,1.3282347035128623,0.36420462175738066,0.08719975593090816,0.009179335881562332,-1.3486045823504188e-18,0.09099870395948509,0.009857826822739103,-5.534058414718015e-19,0.02771872154035631,0.02758453629371888,0.0017567939357832074,0.0015110439853742719,0.02771860627624575,0.027584254750322536,0.0015046739717945457,0.0014706739457324147,1801,0.016849108452860743,0.017513923617924598,0.016842041728672486,0.017188741545723432,1.0,1.0,1.0,1.0,0.01703728675405811,0.01769922609887181,0.01702740508686266,0.017356635040535976,1.0,1.0,1.0,1.0,1.0,1.0,1.0,1.0,1.0,1.0,1.0,1.0
38,0.018800306960243145,0.01955514644270699,0.0052883152931053655,1.1621563648805022,0.4052389416610822,0.08742448497697479,0.009273327350475152,-6.883317147208004e-06,0.09128627985646416,0.009982932110628397,-1.98559117865653e-18,0.027640814236511536,0.02750063590684728,0.0016166139394044876,0.0015458440175279975,0.027645027615521817,0.02750524907279921,0.0015120229218155146,0.001509124063886702,1900,0.016835388837879182,0.01750475349738778,0.01682800185876605,0.017179241577379236,1.0,1.0,1.0,1.0,0.017024903630998334,0.01769484484899412,0.01701584450835785,0.017349615718671232,1.0,1.0,1.0,1.0,1.0,1.0,1.0,1.0,1.0,1.0,1.0,1.0
39,0.018798232535381078,0.019483058216494008,0.005288270105608013,1.0707287513650954,0.42910563515033573,0.08748092776104895,0.00928047147401988,-2.6821224157924173e-06,0.09135258928786594,0.00999854616335528,-4.94365070550028e-19,0.027635515297689067,0.027467154894718928,0.002254535909742117,0.0017012649914249778,0.027634750411115353,0.02749475464497489,0.0014277029549703002,0.0013895939337089658,1901,0.01680318792078771,0.017467886925949652,0.016794198336216336,0.017148535785541923,1.0,1.0,1.0,1.0,0.017025314772293708,0.01769539379154285,0.017016020572874477,0.017349490312131864,1.0,1.0,1.0,1.0,1.0,1.0,1.0,1.0,1.0,1.0,1.0,1.0
40,0.01873376691089894,0.01937729351314555,0.005283909281715478,0.977246614987962,0.5223308230051771,0.08736494165702482,0.009218619554669204,-5.301484183899852e-19,0.09113745601614931,0.009921076283685548,5.373411742659866e-19,0.027768246629136233,0.026144326260530537,0.001985784969292581,0.001906604040414095,0.02776345513992597,0.027581902420721983,0.0020742450142279267,0.0017762649804353714,2000,0.015280490179444911,0.015915743124804826,0.015527167664880817,0.015568951418175846,1.0,1.0,1.0,1.0,0.017021563175720927,0.01769898156480724,0.01701581528594446,0.01735057194927919,1.0,1.0,1.0,1.0,1.0,1.0,1.0,1.0,1.0,1.0,1.0,1.0
41,0.018729668014840734,0.019375969274182107,0.005283866333752278,0.8698556824820116,0.4727591926930472,0.08735458842780712,0.009216264223866988,-8.369131543047541e-19,0.09112563587759881,0.009918507373255385,6.512613732336136e-20,0.027763772417654486,0.026139729453018686,0.001856833929196,0.0015656239120289683,0.027762397618140044,0.026139702637120347,0.0015658841002732515,0.0015619229525327682,2001,0.015280547941384417,0.015915790003925914,0.015527234264706211,0.01556901089733978,1.0,1.0,1.0,1.0,0.017022465653980343,0.01770047452119297,0.017016894968952503,0.017351716835896012,1.0,1.0,1.0,1.0,1.0,1.0,1.0,1.0,1.0,1.0,1.0,1.0
42,0.018938836068719,0.019858632014235492,0.005279716574520762,0.8995342329144478,0.5695649604313076,0.08857036005473445,0.010096277924179714,-6.760497106049561e-06,0.09239135733094704,0.010765710463279845,-1.2715926502974176e-18,0.027772075725814888,0.02597437100109019,0.0018112249672412872,0.0015862940344959497,0.027803883599389963,0.02618277484376225,0.0016824649646878242,0.0015783329727128148,2100,0.01504234573180516,0.015648403201075155,0.015201662152000231,0.015312062869368166,1.0,1.0,1.0,1.0,0.016976744248597617,0.017662421160374427,0.0169704298835087,0.01730945678816833,1.0,1.0,1.0,1.0,1.0,1.0,1.0,1.0,1.0,1.0,1.0,1.0
43,0.01892979025068808,0.02016654519898513,0.0052796756561590595,0.8822499843081459,0.5873406296595931,0.08851153596398681,0.01008372193625468,9.47101758298588e-19,0.09238654191070216,0.010763796779924647,-1.7500464634447565e-18,0.027770986572243805,0.02589094704482592,0.0021760250674560666,0.0017128739273175597,0.027766499217970943,0.02597049059558748,0.0015353639610111713,0.0016258140094578266,2101,0.014969912016596252,0.015536523319520325,0.015087527473336654,0.01522644620573899,1.0,1.0,1.0,1.0,0.016980357735451042,0.017667404257924953,0.016974718325362615,0.01731360517184684,1.0,1.0,1.0,1.0,1.0,1.0,1.0,1.0,1.0,1.0,1.0,1.0
44,0.01895992685891707,0.020226260201969447,0.00527571761556465,0.750128727639094,0.49550927244126797,0.08843159196909113,0.010011607438137313,1.2123789626549019e-18,0.09227351310972029,0.010688030714165476,-4.053470522199139e-19,0.02778996176571007,0.025854010067498396,0.0020451850723475218,0.0019966450054198503,0.027760360906584,0.02585512751026791,0.0018956849817186594,0.0020106950541958213,2200,0.014985922851752648,0.015546119526904306,0.015101022234435324,0.015234898067583366,1.0,1.0,1.0,1.0,0.017020145533970278,0.01770468604378475,0.017013229463228228,0.0173483648055528,1.0,1.0,1.0,1.0,1.0,1.0,1.0,1.0,1.0,1.0,1.0,1.0
45,0.01895849090664027,0.0202253857037687,0.005275678545001315,0.7902735568350181,0.3853610121877864,0.08843123398112233,0.010010621760890945,-3.789882012836697e-06,0.092277835357336,0.010687781773195976,-8.378845398737376e-19,0.027784619540502285,0.025850643002509457,0.001965414034202695,0.0018954849801957607,0.027784603105382874,0.02585063540536981,0.0017567840404808521,0.0017544040456414223,2201,0.014985951317497916,0.01554614108647237,0.01510105751674358,0.015234929693841309,1.0,1.0,1.0,1.0,0.017020180931217137,0.01770471198467382,0.01701327678640737,0.01734841193675705,1.0,1.0,1.0,1.0,1.0,1.0,1.0,1.0,1.0,1.0,1.0,1.0
46,0.019096647021624884,0.020201939787042655,0.005271895414621,0.9223870984278619,0.3155267940601334,0.08870579206439315,0.010319317470585499,9.271543343944127e-19,0.09406618965753459,0.011124951652498117,-1.2100618970191408e-18,0.02703607776957144,0.025888311567508423,0.0018995439168065786,0.001830443972721696,0.027847429976614844,0.025892723865623694,0.0017687539802864194,0.0016906940145418048,2300,0.014998411479257847,0.0155451189786664,0.015114129715196389,0.01524690347140692,1.0,1.0,1.0,1.0,0.016249549828045023,0.016740469069996124,0.016118197789435965,0.01649690466164592,1.0,1.0,1.0,1.0,1.0,1.0,1.0,1.0,1.0,1.0,1.0,1.0
47,0.01909635611749384,0.020201153315666343,0.005271858033377269,0.9267575440462679,0.4191054912516847,0.08870002799937537,0.01031752637301017,-4.368168004161079e-19,0.09405764731080983,0.011122511159318534,-3.3213203089071046e-19,0.027032410668788483,0.02588511308738208,0.00189258495811373,0.0019273350480943918,0.02703240982427285,0.025885106364603,0.001866473932750523,0.0016848950181156397,2301,0.014998425872841404,0.015545131251133791,0.015114146999283451,0.015246919422832263,1.0,1.0,1.0,1.0,0.016249550791784983,0.016740470270397594,0.016118198611728456,0.01649690568241285,1.0,1.0,1.0,1.0,1.0,1.0,1.0,1.0,1.0,1.0,1.0,1.0
48,0.019298934513556153,0.020320704343175112,0.005268235117604043,0.7134274130221456,0.36847844964358956,0.0889856026152193,0.010330618217770387,1.3131925614225443e-06,0.09424734382305129,0.011129350564562199,-5.671483690846622e-19,0.027308961403210322,0.026095179656253475,0.002157064969651401,0.0017418550560250878,0.02732589109801688,0.026101659459528064,0.0017729949904605746,0.001799094956368208,2400,0.015005964458693857,0.015525191462539197,0.015104707929049567,0.015242287997991245,1.0,1.0,1.0,1.0,0.016240837600006944,0.016714437753586723,0.01609605181616185,0.016477410813004793,1.0,1.0,1.0,1.0,1.0,1.0,1.0,1.0,1.0,1.0,1.0,1.0
49,0.019298666532820394,0.020320023279768604,0.005268199286703715,0.6246442544506863,0.38653194333892316,0.08897491810122377,0.010328073489883757,9.632634234208219e-19,0.09423501773693772,0.011126496209426046,-1.3281144849736755e-18,0.027305426225219708,0.026092142080120194,0.0022804660256952047,0.0019394450355321169,0.027305425358517817,0.0260921425978776,0.0018025740282610059,0.001760514103807509,2401,0.015005960343914378,0.015525191375358838,0.015104706340554216,0.015242289982426454,1.0,1.0,1.0,1.0,0.01624083833491651,0.016714438745571138,0.016096052458367698,0.01647741150260608,1.0,1.0,1.0,1.0,1.0,1.0,1.0,1.0,1.0,1.0,1.0,1.0
50,0.019308557770281547,0.02037792486350558,0.005264723663229969,0.6663764817640185,0.3913539155619219,0.0889658810088805,0.010277803138625955,-1.2721305490496585e-19,0.09427356709009992,0.011112470952873292,-1.9354071722172613e-18,0.027307125469610068,0.02613221603045291,0.0030026769964024425,0.0029663880122825503,0.02731798103400713,0.026133234618110228,0.0024368660524487495,0.0026802460197359324,2500,0.015003073811576739,0.015515505347131262,0.015092750619151602,0.015235076469903802,1.0,1.0,1.0,1.0,0.01622803335136374,0.01670209604517308,0.016085173335845637,0.01646892212017526,1.0,1.0,1.0,1.0,1.0,1.0,1.0,1.0,1.0,1.0,1.0,1.0
51,0.01929219527837222,0.020377303786765603,0.00526468926012908,0.6508166366256773,0.3157003811793402,0.08895635239825583,0.010275402535919135,-5.086585100070296e-06,0.09426272522098392,0.01111006849060392,-1.7510438850020692e-18,0.027305335926448578,0.026129339659216592,0.0020502350525930524,0.001841283985413611,0.02730374044381173,0.026129339172950378,0.0018649040721356869,0.0018982450710609555,2501,0.015003073384130287,0.015515507061188148,0.015092752559843485,0.015235080895297303,1.0,1.0,1.0,1.0,0.016229676233740272,0.01670452737299134,0.016087599932879202,0.016470985782309506,1.0,1.0,1.0,1.0,1.0,1.0,1.0,1.0,1.0,1.0,1.0,1.0
52,0.019482455142172908,0.020596722862624522,0.005261349505957706,0.7977037989767268,0.3377982130041346,0.08889900282607832,0.010249867522532596,-4.0283363015742e-06,0.09411434053535017,0.01103977259836438,-3.2953199917234894e-18,0.02750844070424889,0.02633490182564891,0.0031849080696702003,0.0024975970154628158,0.027517051558140746,0.026319750038639483,0.0019315649988129735,0.0024599959142506123,2600,0.015211067156552236,0.01558390367236044,0.015085978077639993,0.015135531897356424,1.0,1.0,1.0,1.0,0.016223600801173358,0.01669023933872614,0.01607302802139531,0.01645646711260373,1.0,1.0,1.0,1.0,1.0,1.0,1.0,1.0,1.0,1.0,1.0,1.0
53,0.019482259843127892,0.020603177808377872,0.0052613164220551316,0.8191071051405743,0.34334539249539375,0.08889093428903602,0.01024743146827412,-7.869875043795431e-06,0.09410355822548835,0.011037350215827565,-2.877900357354205e-18,0.027505647788475418,0.026332327934816477,0.0029918469954282045,0.002253746031783521,0.027505274256468766,0.026332123306680347,0.0020050250459462404,0.002467406098730862,2601,0.015213414313565352,0.015584827177952135,0.01508631903409748,0.015135694914443793,1.0,1.0,1.0,1.0,0.016224310795219635,0.016690695373908822,0.01607334326091242,0.016456686354430677,1.0,1.0,1.0,1.0,1.0,1.0,1.0,1.0,1.0,1.0,1.0,1.0
54,0.019497659458788414,0.020668903157151176,0.0052581023904306485,0.764002067502588,0.4257331881672144,0.08885325364977865,0.010204793978389531,-6.765879929747753e-06,0.094053526493049,0.011006584401225504,-4.5195066123892115e-18,0.02751044085973839,0.026328299242337306,0.0020858949283137918,0.0019516550237312913,0.027507978800865224,0.026326197166493016,0.0022731650387868285,0.0019949449924752116,2700,0.015223324638952953,0.015584557053559104,0.015086089962769509,0.015134703630668668,1.0,1.0,1.0,1.0,0.016233470053983692,0.016693689691100463,0.01607621184225783,0.01645919555083744,1.0,1.0,1.0,1.0,1.0,1.0,1.0,1.0,1.0,1.0,1.0,1.0
55,0.019497413889340467,0.02068577529509239,0.005258070529032614,0.5895301609998569,0.350025647203438,0.08885103698827242,0.010203376507857746,-4.757728374704235e-06,0.09404911765766508,0.01100506431760346,-4.790825739270735e-18,0.027507283169337832,0.026327399538619317,0.0023210051003843546,0.0020168949849903584,0.027507282611559485,0.02632567388671018,0.0019349240465089679,0.0019430150277912617,2701,0.015225578047287367,0.01558583484556699,0.015085969114936947,0.015135751507298074,1.0,1.0,1.0,1.0,0.016233471774545868,0.016693691008942895,0.0160762126287452,0.016459196835684635,1.0,1.0,1.0,1.0,1.0,1.0,1.0,1.0,1.0,1.0,1.0,1.0
56,0.019436953470756968,0.020681189743035188,0.005254973166346904,0.5117215109057724,0.32700745144393295,0.08878864771285568,0.010143138704475533,9.720538214508635e-19,0.09400968343526374,0.01096298185712428,-2.7854104865689876e-18,0.027527237698779024,0.02634148085217188,0.0025193659821525216,0.0021288749994710088,0.027524372269833914,0.026347661696765036,0.0020152049837633967,0.0019757349509745836,2800,0.015211807690284912,0.015579716726753508,0.015077158854921426,0.01512914326161632,1.0,1.0,1.0,1.0,0.016235930074589046,0.016697108530614298,0.016082626923266063,0.01646483321750453,1.0,1.0,1.0,1.0,1.0,1.0,1.0,1.0,1.0,1.0,1.0,1.0
57,0.019436731606021128,0.020680618154516245,0.005254942440989612,0.5735196793684736,0.3337465201038867,0.08878100136430438,0.010141145075780749,7.958675224755046e-19,0.09400301077310397,0.010961152303371377,-1.9515258816358693e-18,0.027524176047707828,0.02633892409925516,0.0029962279368191957,0.0022265559528023005,0.02752417814648219,0.02633892386587451,0.0023414059542119503,0.0021276659099385142,2801,0.015211808155720362,0.015579718075189028,0.01507715981935876,0.015129146329661409,1.0,1.0,1.0,1.0,0.016235928404404822,0.016697107125583196,0.01608262372337029,0.016464831184266164,1.0,1.0,1.0,1.0,1.0,1.0,1.0,1.0,1.0,1.0,1.0,1.0
58,0.01941778351806918,0.02066381585727964,0.0052519536353662745,0.5284924445440993,0.31378166109789163,0.08908900954798664,0.010223249178052056,1.4476855448882718e-18,0.09424979979146274,0.011056018987138984,-4.711832383773953e-18,0.02755972448617104,0.026410237426569796,0.0027993270196020603,0.002336896024644375,0.02755461989652862,0.026407106594083893,0.0021804349962621927,0.002224886091426015,2900,0.015215039780882188,0.015584422816142859,0.015081321323787573,0.015134876999141941,1.0,1.0,1.0,1.0,0.016239989090933497,0.01670375425539291,0.01609200713457698,0.01647267668723406,1.0,1.0,1.0,1.0,1.0,1.0,1.0,1.0,1.0,1.0,1.0,1.0
59,0.01941755908979043,0.02066326040597119,0.005251923968423654,0.47479266219306737,0.35336897941306233,0.0890778368781423,0.010220846157917362,4.551371234412209e-19,0.0942398093280487,0.01105373102364108,-4.795766790202571e-18,0.02755673808936209,0.02640773384034141,0.002618695958517492,0.0021316949278116226,0.027556741021858948,0.02640773465829759,0.002103485050611198,0.002221314935013652,2901,0.015215038275659,0.015584423042470584,0.015081319623512836,0.015134878148028382,1.0,1.0,1.0,1.0,0.01623998587645138,0.016703751581925847,0.01609200204243833,0.016472672686370718,1.0,1.0,1.0,1.0,1.0,1.0,1.0,1.0,1.0,1.0,1.0,1.0
60,0.019419753726885345,0.02072744867581279,0.00524903642362605,0.4732047023717314,0.3165195141918957,0.08897334132412803,0.010156193190857024,-3.0236374343697835e-06,0.09411310635077738,0.01099795178490198,-4.747454706222429e-18,0.027630238037291636,0.026474622521576213,0.002286005998030305,0.0023261160822585225,0.027633792012898957,0.02647321389885285,0.0022177359787747264,0.002186805009841919,3000,0.015220675877340224,0.015588672323095307,0.015083327241356036,0.015135611694007664,1.0,1.0,1.0,1.0,0.01623775349683079,0.01669984380423231,0.01608607368053405,0.016467727909753187,1.0,1.0,1.0,1.0,1.0,1.0,1.0,1.0,1.0,1.0,1.0,1.0
61,0.01783544787785771,0.018061616328037728,0.004684398547013892,2.775457712705247,10.614208284532651,0.07306472977260152,0.006206664821313844,-9.71445146547012e-19,0.07145343116107161,0.005574553687655554,8.326672684688674e-19,0.02266244056692733,0.02600011377098278,0.00019670999608933926,0.00016281998250633478,0.0,0.0,0.0001470400020480156,0.0001601009862497449,0,0.018576407368518923,0.018742858669296793,0.018753435867051343,0.017815166629220093,0.0,0.0,0.0,1.0,0.024060079538570978,0.02495512448978007,0.024514745804234024,0.024267903034223888,0.0,0.0,0.0,0.0,0.0,0.0,0.0,0.0,1.0,1.0,1.0,1.0
62,0.017827080157755516,0.018058237585950408,0.0046828527454768,4.616170491091907,8.425621485686861,0.0729794783795363,0.006182703336577575,-1.7007092901733403e-19,0.07146436572263844,0.005571751201486108,-4.421844154450684e-19,0.022561362093163728,0.025840919308516203,0.00021964102052152157,0.00014758005272597075,0.022559622496714636,0.02584098566181317,0.00017277093138545752,0.00020030001178383827,1,0.01857647036834988,0.018742935569767596,0.01875351684368686,0.017815231745713988,0.0,0.0,0.0,1.0,0.024038170844485042,0.024929689362884925,0.024490445592605468,0.024244426940664202,0.0,0.0,0.0,0.0,0.0,0.0,0.0,0.0,1.0,1.0,1.0,1.0
63,0.018936217427629062,0.0185548161550584,0.004599406733499292,6.230339219328016,4.308006960200146,0.08109130850047472,0.0075709719800685,4.625929269271486e-20,0.08180657396905178,0.007565340944866318,-6.302828629382399e-19,0.026077141105694566,0.02423553343572779,0.0002579999854788184,0.0002489299513399601,0.02952517022252938,0.027224118068342143,0.0002477309899404645,0.0017058849334716797,100,0.016493166641819948,0.01708068714572237,0.016846955958144408,0.016611533667931784,1.0,1.0,1.0,1.0,0.019503639886247086,0.020913821203631763,0.020342960926423393,0.020326961587603266,0.0,0.0,0.0,0.0,1.0,1.0,1.0,1.0,1.0,1.0,1.0,1.0
64,0.01891876752878769,0.018551479262644905,0.0045988974124595025,4.857502139406279,2.927836063783616,0.08092105842913964,0.007541297596747287,6.892940964146253e-19,0.08163418748846342,0.007536497921082557,-8.242808569624894e-19,0.02601034997817268,0.024184929224484775,0.00024464994203299284,0.0004266609903424978,0.02601240781391364,0.024194622610303952,0.00026925106067210436,0.00029925093986094,101,0.01648388289247405,0.01707033402492814,0.01683485312496387,0.016599418229423235,1.0,1.0,1.0,1.0,0.019498467386809475,0.02090820019226417,0.0203353496583691,0.020320887322332528,0.0,0.0,0.0,0.0,1.0,1.0,1.0,1.0,1.0,1.0,1.0,1.0
65,0.01795322011400168,0.01859581230830818,0.00456041470651854,11.617178372573107,4.482693689409643,0.08391227247472473,0.008079375529748224,-8.673617379884036e-20,0.08530388589162693,0.008331719110705425,-2.706168622523819e-19,0.02416988450417835,0.022838321171350918,0.0003327310550957918,0.00036207097582519054,0.028272354669666988,0.024745172512170604,0.00036595005076378584,0.0003304010024294257,200,0.015241641010149692,0.015865712566923068,0.015495745209912457,0.015447328728342804,1.0,1.0,1.0,1.0,0.016265404244760105,0.01739383256755275,0.01655400016225479,0.016670012952180093,1.0,1.0,1.0,1.0,1.0,1.0,1.0,1.0,1.0,1.0,1.0,1.0
66,0.01821508785137858,0.018809053378952785,0.0045601112954037435,7.6157714038854465,4.229369928478263,0.08395549410215589,0.008086151111901156,8.293498689928958e-20,0.08534640640474334,0.008337984918341894,4.043080611340367e-19,0.02444912426812497,0.023054652937118378,0.10955359204672277,0.0003597809700295329,0.024408521252665037,0.023037648309670446,0.00032088998705148697,0.0003187209367752075,201,0.015272435836098002,0.01589780498685654,0.01553178037056094,0.015485078963622254,1.0,1.0,1.0,1.0,0.016269829200490988,0.01740067394741971,0.016559388349914647,0.01667556454914679,1.0,1.0,1.0,1.0,1.0,1.0,1.0,1.0,1.0,1.0,1.0,1.0
67,0.017201161986327606,0.01794995595585208,0.004534912065504683,6.728780927369371,4.4497674646554515,0.08371583256093164,0.008064231807797435,-5.947623346206196e-20,0.08590402368723891,0.008455325489879956,-2.6268669779077367e-19,0.024014515116262805,0.02218934970722783,0.0004727219929918647,0.0003766709705814719,0.023593198821941268,0.02238855097604915,0.0018276040209457278,0.00039379100780934095,300,0.015957169462689033,0.017061664112510703,0.016425127540305194,0.016364471322803,1.0,1.0,1.0,1.0,0.017328418095371303,0.018184370889010832,0.01785484200560702,0.01727604744471052,0.0,0.0,0.0,0.0,1.0,1.0,1.0,1.0,1.0,1.0,1.0,1.0
68,0.01718956494836414,0.017921269775892132,0.00453469643034904,6.048388725495897,3.2925890227779746,0.08375255233845125,0.008066914307506822,-1.7792035651044175e-19,0.08592663123335101,0.0084550837731434,1.4826696375870148e-20,0.023982575666370024,0.022186319166505077,0.0003767310408875346,0.00035981100518256426,0.02398569078665463,0.02216999320743123,0.0004409709945321083,0.000577941071242094,301,0.015969999669531734,0.017075796980636698,0.016442328999468406,0.01637824163687506,1.0,1.0,1.0,1.0,0.017333400096927857,0.01818817955945541,0.017859582790510104,0.017280571113099386,0.0,0.0,0.0,0.0,1.0,1.0,1.0,1.0,1.0,1.0,1.0,1.0
69,0.01693140325862348,0.018069005514697836,0.004515956976727304,9.795534198521636,4.781260051066056,0.08449775848209007,0.00841701270735273,-7.738794173385423e-19,0.08637300073851861,0.008780004648722707,-9.502429707295177e-19,0.025463843484061957,0.0229543432020794,0.00047254201490432024,0.00054426200222224,0.0240059334974213,0.022572991793466574,0.0005010520108044147,0.00046942103654146194,400,0.016293226823505445,0.01689598128820184,0.016531803848145614,0.016100595358546466,1.0,1.0,1.0,1.0,0.01818236455526832,0.01879534659482047,0.018345829322952322,0.01800197687851901,0.0,0.0,0.0,0.0,1.0,1.0,1.0,1.0,1.0,1.0,1.0,1.0
70,0.016922313407747358,0.01806128066278393,0.0045157899077189435,5.889632606878877,2.926646515377797,0.08445472180922234,0.008407635278551186,3.154042683594195e-19,0.08636718768081425,0.008775769759569719,-8.923632958461624e-19,0.02543605253938001,0.022935813768299798,0.0004787319339811802,0.0004915120080113411,0.0254358347462769,0.02293578652160664,0.0004946719855070114,0.0005412210011854768,401,0.016293696904639186,0.016896494963074247,0.016532250236019095,0.0161010938153279,1.0,1.0,1.0,1.0,0.01818264576181467,0.01879551806761021,0.018346274403444104,0.018002322759258046,0.0,0.0,0.0,0.0,1.0,1.0,1.0,1.0,1.0,1.0,1.0,1.0
71,0.016899198852749164,0.01832877304444107,0.00450087853534033,2.3816594888921827,2.8538036254467443,0.08408394306588504,0.008298080453383799,-1.766263902812749e-19,0.08608457269222113,0.008629924965723457,-6.288372600415926e-19,0.0275339826645859,0.023786520898862934,0.0009556320728734136,0.0006948210066184402,0.026171274073074256,0.023891214500021997,0.0006179820047691464,0.0005707520758733153,500,0.016041124728329206,0.016637547947531608,0.016195758333021427,0.01603892218773341,1.0,1.0,1.0,1.0,0.01922362241565339,0.019888088626513964,0.019247422684222693,0.01922066002165968,0.0,0.0,0.0,0.0,1.0,1.0,1.0,1.0,1.0,1.0,1.0,1.0
72,0.016893195402370307,0.01832654075663923,0.004500742270985487,2.061854600440711,3.430030470015481,0.0840912499730541,0.008298271218951688,-4.911376810388056e-19,0.08610163177811293,0.008630675149628711,-8.760196137759467e-19,0.027508658139551695,0.023774383346570817,0.0005733009893447161,0.0006193319568410516,0.027508678318476316,0.023774383297458065,0.0006064819172024727,0.0005711209960281849,501,0.016040744271555434,0.016636929892072157,0.016195212077634576,0.01603830327749288,1.0,1.0,1.0,1.0,0.01922360256017898,0.019888069379899634,0.019247399349922634,0.019220649800357266,0.0,0.0,0.0,0.0,1.0,1.0,1.0,1.0,1.0,1.0,1.0,1.0
73,0.016837886810358124,0.018293813172443205,0.004488364462084802,1.9847879803273827,2.421779578900896,0.08387665429094932,0.0081691528999944,-3.4093988316313403e-19,0.08589440574249868,0.008490745728266445,2.348548705937831e-19,0.026828335098825866,0.023680103959064475,0.007216807920485735,0.0009054720867425203,0.026658214971617793,0.023412916677813617,0.0007159310625866055,0.0007251219358295202,600,0.016515675736787593,0.01751490040410978,0.016576530809591174,0.016869232395789916,1.0,1.0,1.0,1.0,0.019367470545937925,0.02001150311305089,0.01942716430115911,0.019372412310358737,0.0,0.0,0.0,0.0,1.0,1.0,1.0,1.0,1.0,1.0,1.0,1.0
74,0.016832962887181405,0.01829066362456317,0.004488249465726935,2.303812286700122,2.908841024385765,0.08386896224512953,0.00816393969320931,-2.4048969847451126e-19,0.08586449859977811,0.008485154765595257,3.250941076331344e-19,0.026808554350901268,0.02366917115818626,0.0007302620215341449,0.0005707209929823875,0.026808064119566002,0.023668681312775112,0.0007042019860818982,0.0006204419769346714,601,0.01651565495400296,0.01751459894866063,0.016576434867628893,0.01686906965787842,1.0,1.0,1.0,1.0,0.019367854022598968,0.020011882052023523,0.019427627316100125,0.019372822854411352,0.0,0.0,0.0,0.0,1.0,1.0,1.0,1.0,1.0,1.0,1.0,1.0
75,0.01652373707032431,0.01793939036702963,0.004477672405154635,1.6793139432556927,2.3126638368703425,0.08435446714995215,0.008283306747235203,0.0,0.0863605127431476,0.008599560349419605,-2.6367796834847467e-19,0.02645431170690758,0.024470258176564015,0.0006738710217177868,0.026131564984098077,0.02635475450599198,0.023470376510095446,0.0007853719871491194,0.0007263520965352654,700,0.01718381901595045,0.01758189760863031,0.01727979570662877,0.017038131796329844,1.0,1.0,1.0,1.0,0.019495702245362997,0.02016290355463686,0.01957714966157988,0.019504935865710497,0.0,0.0,0.0,0.0,1.0,1.0,1.0,1.0,1.0,1.0,1.0,1.0
76,0.016519594690141397,0.017934741188601333,0.004477572968704508,1.3553357337368652,2.2317617422668263,0.08433767636679765,0.008279170628729335,4.920054598975498e-19,0.08634671578645493,0.008595967208154483,-4.850758055327956e-20,0.02643737829573501,0.02445699972820469,0.0006868219934403896,0.0006341109983623028,0.02643694656387819,0.024456912820579185,0.0007242319406941533,0.0006780619733035564,701,0.017183877470470652,0.017581974092974496,0.017279825630722157,0.017038191403432233,1.0,1.0,1.0,1.0,0.019496131157196738,0.020163330407543045,0.01957765728759474,0.01950539505844553,0.0,0.0,0.0,0.0,1.0,1.0,1.0,1.0,1.0,1.0,1.0,1.0
77,0.01653647212228699,0.017592424559789828,0.004468341481746727,1.0342182538006455,1.5491957042831928,0.0856201477560859,0.008645283446428481,-2.1020766826542485e-19,0.0879832493450627,0.00914933544634197,6.989915182612429e-19,0.0264286613942655,0.024255761124227476,0.0008566820761188865,0.0009092519758269191,0.026175106425113028,0.02427892655757006,0.0007771910168230534,0.00958306307438761,800,0.01581896102511708,0.01647362372642307,0.01617944353849678,0.01608627327963187,1.0,1.0,1.0,1.0,0.019748698455583153,0.02046956006694872,0.019875209628658994,0.019770382592289054,0.0,0.0,0.0,0.0,1.0,1.0,1.0,1.0,1.0,1.0,1.0,1.0
78,0.016480646827445218,0.01757453564369823,0.004468253919563398,1.3552306939382106,1.3630380423273891,0.08561486144829246,0.008642883803666804,-5.850360018864203e-19,0.08797961644794171,0.009147876511267566,4.642576635178822e-19,0.02647251336169964,0.02425525649994966,0.0008602719753980637,0.0007759920554235578,0.026412844993997736,0.024243328567720063,0.0007931720465421677,0.0007822720799595118,801,0.015832359545232214,0.016490008318982858,0.01619614863906783,0.01610029771244703,1.0,1.0,1.0,1.0,0.019810748655055752,0.02054342863174369,0.019949977877956108,0.019836648298229727,0.0,0.0,0.0,0.0,1.0,1.0,1.0,1.0,1.0,1.0,1.0,1.0
79,0.01677538977767286,0.017579455518308678,0.004460065919252434,3.0465186844812706,1.5647002788027748,0.08627297285260804,0.00897977441393074,-2.1912296538654405e-20,0.0892278634261526,0.00946582511506446,-5.64241635870351e-19,0.0261402236090363,0.02533694031954005,0.0008676119614392519,0.0007955820765346289,0.02654799601759804,0.024171170011959627,0.0007815919816493988,0.0008503419812768698,900,0.017332121468325076,0.0180941347542134,0.017366273951061648,0.017694108672975235,1.0,0.0,1.0,0.0,0.019370706049588363,0.02010254973946608,0.019424674185637987,0.019384736499472765,0.0,0.0,0.0,0.0,1.0,1.0,1.0,1.0,1.0,1.0,1.0,1.0
80,0.016771466565481244,0.01757494225475257,0.004459987714321203,3.553316757082939,1.2765295637072995,0.08626326824387616,0.008976550056698116,3.484039788765196e-19,0.08920713407775574,0.00946130306075986,-6.876874347458005e-19,0.02612657977150678,0.025324361588520125,0.0008121420396491885,0.0007930418942123652,0.02612645305457479,0.025324269814779803,0.0007744419854134321,0.0009134029969573021,901,0.017332364208684715,0.018094332875297076,0.017366549458102506,0.017694351452604357,1.0,0.0,1.0,0.0,0.01937088188244184,0.020102718640553865,0.01942489858268341,0.019384921724098874,0.0,0.0,0.0,0.0,1.0,1.0,1.0,1.0,1.0,1.0,1.0,1.0
81,0.01723345318598593,0.017733451120567286,0.0044526324736407115,3.3529851174680516,1.143991795135662,0.08620634827614891,0.008919504114220317,1.1019624366443147e-18,0.08918108174452978,0.009431548113057306,-6.938893903907229e-20,0.02669700336648148,0.024438942403642118,0.0010263429721817374,0.0008564420277252793,0.026896823237736837,0.02584959519618995,0.0008597429841756821,0.0008952419739216566,1000,0.01571749651681187,0.016327722369028644,0.01582551516451286,0.015716666338225375,1.0,1.0,1.0,1.0,0.019104471539069863,0.0197985371026764,0.01911546388783444,0.01910182004353658,0.0,0.0,0.0,0.0,1.0,1.0,1.0,1.0,1.0,1.0,1.0,1.0
82,0.01724879453423832,0.017733770796651623,0.004452561831129392,4.251523133716546,1.3172060846118256,0.08619561885746903,0.00891635951414944,1.3204365183458095e-20,0.0891674351775615,0.00942791474515845,-2.6408730366916187e-19,0.026723687859253525,0.024437392016068007,0.0009905229089781642,0.005596284056082368,0.026741576471151815,0.024440298868228356,0.0012914029648527503,0.0009113920386880636,1001,0.015713956123323162,0.01632361502772687,0.015820677601920057,0.015712769824402808,1.0,1.0,1.0,1.0,0.01908022223872175,0.019770758951551896,0.019086930731829654,0.019076197708200952,0.0,0.0,0.0,0.0,1.0,1.0,1.0,1.0,1.0,1.0,1.0,1.0
83,0.017239976685424627,0.017899553848554937,0.004445886524127836,3.062595972791314,1.3032167993951589,0.08652108353293246,0.008914050123533667,1.0672320515248618e-18,0.08984129007821127,0.009475426247482722,-4.0162619606854337e-19,0.026928967058473377,0.02446991418477884,0.0011126030003651977,0.000918511999770999,0.02698045304387363,0.024442301030437104,0.0008934229845181108,0.0009263029787689447,1100,0.015760518297479,0.016365434840827177,0.015884207861426282,0.015760302395911016,1.0,1.0,1.0,1.0,0.019023725213540593,0.019692289771889176,0.019019340904573932,0.019014389906454036,0.0,0.0,0.0,0.0,1.0,1.0,1.0,1.0,1.0,1.0,1.0,1.0
84,0.01723672383986925,0.017875566526875802,0.004445822119454482,2.2965044640004635,1.395894721383229,0.08651105115379558,0.008911320175298307,4.938314385677753e-06,0.08983331230554994,0.009472982889619041,-3.9148081918764173e-19,0.026917433426136415,0.024474795695405806,0.0010272420477122068,0.0010272519430145621,0.02691729640966193,0.0244607821817091,0.0009578129975125194,0.0023734859423711896,1101,0.015775725733469963,0.016383885542161896,0.015904853413342513,0.01577691512735576,1.0,1.0,1.0,1.0,0.01902391213181959,0.019692469629107406,0.01901956873926686,0.019014588095041963,0.0,0.0,0.0,0.0,1.0,1.0,1.0,1.0,1.0,1.0,1.0,1.0
85,0.017259526490477836,0.017713935768292607,0.00443971239566882,3.2571207522414625,1.7537128158146515,0.08593906967036342,0.008769538039993393,1.249000902703301e-20,0.08928474129293315,0.009336890673992009,-1.9984014443252817e-19,0.027072517840799937,0.02436713080485583,0.001234652940183878,0.0011277119629085064,0.027216474219129802,0.024360321477448627,0.0010405119974166155,0.001322843017987907,1200,0.015752931053239362,0.016377289884217532,0.01589178353165133,0.01577258792890784,1.0,1.0,1.0,1.0,0.01885886092980117,0.01950465320443004,0.01882861768220083,0.018844624198960144,0.0,0.0,0.0,0.0,1.0,1.0,1.0,1.0,1.0,1.0,1.0,1.0
86,0.01725667572144124,0.017710886680103753,0.004439653223563713,3.1993905550334603,1.5296911841724068,0.08597842318821776,0.008777410027711935,-2.9120058349730574e-20,0.08932003894399979,0.009343513830004167,5.241610502951504e-19,0.02706194143912804,0.02435884167512948,0.0011103330180048943,0.0012722730170935392,0.027061823031946392,0.02435876368204898,0.0010997930075973272,0.001182432984933257,1201,0.01575309801067071,0.01637741626312298,0.015891934918033764,0.0157727250498831,1.0,1.0,1.0,1.0,0.01885902420635117,0.019504810308271083,0.018828816782785793,0.018844796800692877,0.0,0.0,0.0,0.0,1.0,1.0,1.0,1.0,1.0,1.0,1.0,1.0
87,0.017561306357159502,0.01828228903813841,0.004434021298250366,3.1729055732721463,1.3090634780237451,0.08638418154904291,0.008897481068088277,-3.8163916471489756e-19,0.08980754368648904,0.009480142765412647,-1.6126503424821428e-18,0.026422448771943642,0.02476170148857463,0.0013153429608792067,0.0011889329180121422,0.027601439959789795,0.024882398208803322,0.0011982229771092534,0.0013158629881218076,1300,0.015534433599598893,0.016218530336590577,0.015863287856933236,0.015828928989009297,1.0,1.0,1.0,1.0,0.017192550860218474,0.01788587755052831,0.01719227325410882,0.01751032624119716,1.0,0.0,1.0,1.0,1.0,1.0,1.0,1.0,1.0,1.0,1.0,1.0
88,0.017567476751821597,0.018285990198037807,0.004433966577848779,2.538819774170406,1.3618730776943266,0.08637691637959767,0.00889523773135674,-4.442741100577167e-19,0.0897969702652738,0.009477313768259462,-1.4483849599569493e-18,0.026432925455251607,0.024768500520973624,0.0012245229445397854,0.0011135019594803452,0.026439159810096903,0.02477372785482392,0.0010860430775210261,0.0010009820107370615,1301,0.015530038521491941,0.016212411848740723,0.015858219354015466,0.015824655093845324,1.0,1.0,1.0,1.0,0.017187462441643687,0.017878932894036845,0.017186688188505817,0.017504923841681577,1.0,0.0,1.0,1.0,1.0,1.0,1.0,1.0,1.0,1.0,1.0,1.0
89,0.01745319592704663,0.018290369495554803,0.004428743598894481,2.486325219622813,1.2610142909688875,0.08645694081612412,0.008863119827228932,1.150899299234268e-18,0.08991355296425922,0.009458305190219181,-1.6910562988229082e-18,0.02628139678166619,0.02486858195098949,0.001232123002409935,0.0011819429928436875,0.026290695187359114,0.024779666656843884,0.0010898319305852056,0.0010998729849234223,1400,0.015613305013298169,0.01632232343980838,0.015949663423670133,0.01591015652851828,1.0,1.0,1.0,1.0,0.017174240847124413,0.017869402229572184,0.01716911649783776,0.01748841071801885,1.0,0.0,1.0,0.0,1.0,1.0,1.0,1.0,1.0,1.0,1.0,1.0
90,0.017450602375610334,0.018287277033054716,0.004428692711633413,2.533455971744843,1.2677220300538465,0.0864662136115548,0.008863917713299542,1.0185971065005097e-18,0.08991962401157691,0.009458488246002568,-1.4173085325778806e-18,0.026272749407359925,0.024861007046089303,0.0012138530146330595,0.01229303004220128,0.026272718951569546,0.024860956049443723,0.0015271040610969067,0.001222252962179482,1401,0.015613399977998014,0.016322399109904337,0.015949770235645328,0.01591026361505367,1.0,1.0,1.0,1.0,0.017174292928378895,0.017869436874152034,0.017169195101671447,0.01748849348918154,1.0,0.0,1.0,0.0,1.0,1.0,1.0,1.0,1.0,1.0,1.0,1.0
91,0.01739673971060901,0.018253158275089408,0.004423823683735015,2.8396802624920383,1.214524672133848,0.08643681306820511,0.008824380801513362,-3.4735460517891304e-06,0.09000682272400895,0.00944370187599527,-1.50585189479148e-18,0.026308404256604846,0.02479870235750225,0.0013345530023798347,0.001184592954814434,0.026385305732930853,0.02485891654079049,0.001165912952274084,0.0011559929698705673,1500,0.015551568606616653,0.01624721382311587,0.015880601582328974,0.015840658481967272,1.0,1.0,1.0,1.0,0.017099200657566992,0.017779554938595777,0.017090187597211513,0.017410533892969433,1.0,0.0,1.0,0.0,1.0,1.0,1.0,1.0,1.0,1.0,1.0,1.0
92,0.017394431128834962,0.018256323749973408,0.0044237761313319105,2.813388021895662,1.2054231495130807,0.08642928778835761,0.008822113652057097,9.730557215343793e-20,0.08999413680687644,0.009440777871865709,-1.2618966871507624e-18,0.026300370168252197,0.024787254447948187,0.0014706929214298725,0.013811914017423987,0.026300349921596654,0.024791673350458843,0.0021583549678325653,0.0017044040141627192,1501,0.015547332695495823,0.0162418214013464,0.015875682345182256,0.01583648428759425,1.0,1.0,1.0,1.0,0.017099232261506656,0.017779571241480545,0.01709024129035778,0.017410591481570287,1.0,0.0,1.0,0.0,1.0,1.0,1.0,1.0,1.0,1.0,1.0,1.0
93,0.017132300315763294,0.018055137857804125,0.004419216433943905,1.8372797115007415,0.8134552228730172,0.08667189059018085,0.00885431705558487,1.327851969793156e-18,0.0903100484353712,0.009491579213369534,-3.1540426835941946e-20,0.026069345707114933,0.024757766044699314,0.005176793085411191,0.001356353983283043,0.02615216215770099,0.024710317648742274,0.0013423829805105925,0.0014852839522063732,1600,0.015601240332154247,0.016304842369555254,0.015934172314725496,0.015892079383459688,1.0,1.0,1.0,1.0,0.017011343112424106,0.01768565642560736,0.016993987158861527,0.017323283092465464,1.0,0.0,1.0,0.0,1.0,1.0,1.0,1.0,1.0,1.0,1.0,1.0
94,0.017127839847795395,0.01804987081094172,0.004419171809140749,1.8408081703819335,0.7885303351795301,0.0866502029634082,0.008850536043027324,-1.838743841889408e-19,0.09028610360713105,0.009487424346009504,-1.2608529201527369e-20,0.026063080049913256,0.024752537235194015,0.0012749229790642858,0.0012457040138542652,0.02606199415335856,0.024751135081370126,0.0014603229938074946,0.0011986630270257592,1601,0.015602755111439649,0.016306914750110885,0.01593574649553542,0.01589336386915145,1.0,1.0,1.0,1.0,0.01701201457211301,0.01768707634089237,0.01699458934741678,0.01732391583719636,1.0,0.0,1.0,0.0,1.0,1.0,1.0,1.0,1.0,1.0,1.0,1.0
95,0.01699648694051978,0.017933756976604195,0.004414884743203425,1.3387969998875633,0.6758423744468018,0.08647916299994131,0.008794023214695542,-3.0915250518300955e-19,0.0901853194499269,0.00944613754580113,2.9936370842571185e-19,0.025907834146064943,0.025952724489069684,0.0015646740794181824,0.0014019530499354005,0.025878914012075496,0.024600304257364085,0.001507914043031633,0.0012424429878592491,1700,0.017017624141450204,0.017734626641515004,0.017037074870813396,0.017376143044541804,1.0,1.0,1.0,1.0,0.017046023097977463,0.01772043469244764,0.017033743674443505,0.017360503657531653,0.0,0.0,0.0,0.0,1.0,1.0,1.0,1.0,1.0,1.0,1.0,1.0
96,0.016994700289332823,0.017931326423966876,0.004414842708890886,1.223492622957565,0.5334378794068471,0.08648889843222156,0.008795026292828233,-3.5950187398348594e-19,0.09010268912292627,0.009434886988447405,-2.8730428785452544e-19,0.02590096670902519,0.025945764604253782,0.002164185047149658,0.0020295450231060386,0.025900958200912656,0.025945714301419846,0.0015035239048302174,0.001953494967892766,1701,0.01701772122016461,0.017734699688925278,0.01703718028070489,0.017376241942712572,1.0,1.0,1.0,1.0,0.017046041292523725,0.017720442333802332,0.017033779373664938,0.017360542230364998,0.0,0.0,0.0,0.0,1.0,1.0,1.0,1.0,1.0,1.0,1.0,1.0
97,0.016860124163187915,0.017584642706933672,0.004410797727985043,1.0901595196919516,0.5925579037284479,0.08674795904130139,0.008954034628600817,8.561094776036891e-19,0.09054896055529914,0.009632892321637688,-5.982451771206502e-19,0.025728953471846186,0.025589309924160884,0.0015535139245912433,0.0013720529386773705,0.025770981064186946,0.02581318048260013,0.0017482240218669176,0.0016516350442543626,1800,0.016795461717278432,0.01747514070577283,0.016790050607695686,0.01714333497512218,1.0,1.0,1.0,1.0,0.017002351428227865,0.017673079652063765,0.016991215632172933,0.017323819305280035,0.0,0.0,0.0,0.0,1.0,1.0,1.0,1.0,1.0,1.0,1.0,1.0
98,0.016858530181462824,0.0175827371631789,0.004410758001983311,1.013184096897021,0.5378059725044295,0.08719975593090816,0.009179335881562332,-1.3926521260408078e-18,0.09099870395948509,0.009857826822739103,-8.879797371626281e-19,0.025722639575601426,0.025583364682303635,0.0014137841062620282,0.001296323025599122,0.025722567295505903,0.025583104146094104,0.0013095629401504993,0.0012944129994139075,1801,0.016796374871188246,0.017475793776552628,0.016790905188359802,0.017144053039895305,1.0,1.0,1.0,1.0,0.017002470777925882,0.01767317108216403,0.01699133759805577,0.0173239224546722,0.0,0.0,0.0,0.0,1.0,1.0,1.0,1.0,1.0,1.0,1.0,1.0
99,0.01682347225249958,0.017570579113036007,0.004406929410921138,0.9894627652829513,0.47214135294780135,0.08742448497697479,0.009273327350475152,-6.8601435539290025e-06,0.09128627985646416,0.009982932110628397,-2.2311212706409397e-18,0.025643203567629856,0.025498093604365293,0.0019029349787160754,0.0017092240741476417,0.025650147523319927,0.025503506059973192,0.0020411349833011627,0.001697814092040062,1900,0.016780078414142818,0.017465973553344775,0.016775264995502658,0.01713410833055446,1.0,1.0,1.0,1.0,0.01698608097134728,0.017666404285695915,0.016975901989730664,0.017313925542100917,0.0,0.0,0.0,0.0,1.0,1.0,1.0,1.0,1.0,1.0,1.0,1.0
100,0.016821376604601562,0.017497257688451,0.004406891754673344,1.109973975457251,0.5130292614921927,0.08748092776104895,0.00928047147401988,-2.674711444619172e-06,0.09135258928786594,0.00999854616335528,4.801387375845596e-20,0.025638065889937098,0.02546402408697497,0.0014941039262339473,0.0014167840126901865,0.025637169544049758,0.02549224501159022,0.0016361139714717865,0.0013655730290338397,1901,0.01674616069475633,0.017429455710350452,0.01674063714438493,0.017103371134307516,1.0,1.0,1.0,1.0,0.016986583022025797,0.017667031670841014,0.016976087297042697,0.017313758006904108,0.0,0.0,0.0,0.0,1.0,1.0,1.0,1.0,1.0,1.0,1.0,1.0
101,0.016757593275516312,0.01739241193408413,0.004403257734762898,0.9265782235888764,0.37805091915652156,0.08736494165702482,0.009218619554669204,-6.900814608093104e-19,0.09113745601614931,0.009921076283685548,2.4116887348945857e-19,0.025770169303212978,0.024172712877311327,0.0016256039962172508,0.0015442939475178719,0.025766886032775396,0.02557759451646352,0.0015291839372366667,0.0015831540804356337,2000,0.015260395473213563,0.015916982543076386,0.015501250969024478,0.01555117411901641,1.0,1.0,1.0,1.0,0.016979434555397847,0.017668644576618583,0.016973326721172587,0.017312382932682432,0.0,0.0,0.0,0.0,1.0,1.0,1.0,1.0,1.0,1.0,1.0,1.0
102,0.016753459573531766,0.017391107678289337,0.004403221944793565,0.8231879388913512,0.3403790486045182,0.08735458842780712,0.009216264223866988,-7.569856221351742e-19,0.09112563587759881,0.009918507373255385,2.56275579337383e-19,0.025765656503461506,0.024168136369547802,0.0016588540747761726,0.0015113339759409428,0.025764349682483104,0.024168102771860725,0.001543742953799665,0.00155447400175035,2001,0.015260463622657618,0.01591703484899482,0.01550132883840594,0.015551245212021768,1.0,1.0,1.0,1.0,0.016980230119074204,0.017670088789167593,0.01697431591940823,0.017313453807761153,0.0,0.0,0.0,0.0,1.0,1.0,1.0,1.0,1.0,1.0,1.0,1.0
103,0.0169614242104617,0.017869713161901807,0.004399763812100635,0.8317929386394098,0.3450298433890566,0.08857036005473445,0.010096277924179714,-6.721487916928854e-06,0.09239135733094704,0.010765710463279845,-1.5943319016419398e-18,0.025769567506823902,0.024000947440565332,0.001621214090846479,0.0015228840056806803,0.025804523582153186,0.024209418839948628,0.0015432239742949605,0.0015052839880809188,2100,0.01501722930852969,0.01564401083533217,0.01517278011009634,0.015292191609801388,1.0,1.0,1.0,1.0,0.01692864866434195,0.017627357111357635,0.01692211523225298,0.017266230820512866,1.0,0.0,1.0,0.0,1.0,1.0,1.0,1.0,1.0,1.0,1.0,1.0
104,0.01695229531810965,0.018180566797585465,0.004399729713465883,0.8108819712651893,0.4033629720797762,0.08851153596398681,0.01008372193625468,9.873246004019554e-19,0.09238654191070216,0.010763796779924647,-1.604881319011551e-18,0.02576843087360454,0.023909144087822885,0.0019554250175133348,0.002513036015443504,0.025764021901028368,0.023997078514246623,0.0015673940069973469,0.0015429339837282896,2101,0.014942047384325108,0.015524479868606183,0.015052796224905842,0.015199891132594838,1.0,1.0,1.0,1.0,0.016932176100647112,0.017632237438972697,0.016926307358872367,0.017270384087688308,1.0,0.0,1.0,0.0,1.0,1.0,1.0,1.0,1.0,1.0,1.0,1.0
105,0.01698555634307207,0.018245128686446503,0.004396431346303875,0.7188491050619632,0.506997762597166,0.08843159196909113,0.010011607438137313,1.058566814451625e-18,0.09227351310972029,0.010688030714165476,-3.5253435972906446e-19,0.025792184619946305,0.02387439817509749,0.0017720939358696342,0.0017258740263059735,0.025761262767596205,0.02387762270291282,0.0017935640644282103,0.0017726049991324544,2200,0.014958925221384575,0.015534389588614852,0.015065310109729117,0.015209323915267966,1.0,1.0,1.0,1.0,0.016975136398024167,0.017672029757304974,0.016967787392972108,0.01730731633921783,1.0,0.0,1.0,0.0,1.0,1.0,1.0,1.0,1.0,1.0,1.0,1.0
106,0.01698416693571922,0.018244272623091345,0.004396398787501096,0.7264230584260076,0.2666841947939247,0.08843123398112233,0.010010621760890945,-3.7611053245031593e-06,0.092277835357336,0.010687781773195976,-4.352221603988902e-19,0.02578711355564054,0.023871049520700686,0.001667164033278823,0.0016229840693995357,0.02578685456508817,0.02387104127274528,0.0027147569926455617,0.0024530059890821576,2201,0.014958958956249371,0.015534412506012254,0.01506535313334607,0.015209361005498977,1.0,1.0,1.0,1.0,0.01697571573314961,0.017672448896057905,0.01696841398291492,0.01730792965500742,1.0,0.0,1.0,0.0,1.0,1.0,1.0,1.0,1.0,1.0,1.0,1.0
107,0.017121980280041246,0.018225662698911755,0.004393246178850833,0.672384777921252,0.5014308816753328,0.08870579206439315,0.010319317470585499,1.0452631668013442e-18,0.09406618965753459,0.011124951652498117,-1.0889080712767182e-18,0.025038893874917277,0.02391150840256367,0.0018723650136962533,0.0018028540071099997,0.025852595959787908,0.023917637853635473,0.0018632939318194985,0.0017130239866673946,2300,0.014973086876654178,0.01553325410146725,0.015083239361524127,0.015222776369214389,1.0,1.0,1.0,1.0,0.01620445423709316,0.016706239507512342,0.016072085907668218,0.016456273163582488,1.0,1.0,1.0,1.0,1.0,1.0,1.0,1.0,1.0,1.0,1.0,1.0
108,0.017121703545421075,0.018224891341870043,0.00439321502781439,0.45110191707499325,0.3328006516676396,0.08870002799937537,0.01031752637301017,-5.548753951231642e-19,0.09405764731080983,0.011122511159318534,-5.294190106394552e-19,0.025035250680737926,0.02390832633095407,0.0017563640139997005,0.0016655540093779564,0.02503524967642544,0.023908318518934598,0.00169331394135952,0.0016301149735227227,2301,0.014973103290391686,0.015533268710919633,0.015083259823553699,0.015222795967250244,1.0,1.0,1.0,1.0,0.01620445532509931,0.016706240774376324,0.01607208678759276,0.01645627426557349,1.0,1.0,1.0,1.0,1.0,1.0,1.0,1.0,1.0,1.0,1.0,1.0
109,0.01732594531470069,0.018347545128278155,0.004390195931336703,0.5769198350608349,0.3281054523540661,0.0889856026152193,0.010330618217770387,1.3262250966101228e-06,0.09424734382305129,0.011129350564562199,-1.0153442712452006e-18,0.025311007593451163,0.024118084512721145,0.0029509770683944225,0.003099828027188778,0.025329212714519864,0.024126026622021624,0.002092125010676682,0.003141238004900515,2400,0.014979264007146336,0.015512748086101936,0.015075333644607763,0.015217376411174323,1.0,1.0,1.0,1.0,0.016195692714084685,0.016680963177676852,0.016050996351310964,0.0164366416167402,1.0,1.0,1.0,1.0,1.0,1.0,1.0,1.0,1.0,1.0,1.0,1.0
110,0.017325690893994942,0.018346876821345785,0.004390166072253096,0.38862449734006077,0.3956774064572528,0.08897491810122377,0.010328073489883757,1.1048157266421035e-18,0.09423501773693772,0.011126496209426046,-1.0262541983542921e-18,0.02530749621985617,0.024115061523927308,0.0019759139977395535,0.001930754049681127,0.025307495292420476,0.024115061800389588,0.0019552349112927914,0.0018561549950391054,2401,0.014979259524725556,0.015512748804094836,0.01507533262958338,0.015217379216188723,1.0,1.0,1.0,1.0,0.01619569355676269,0.01668096416880898,0.016050996970960976,0.016436642261158194,1.0,1.0,1.0,1.0,1.0,1.0,1.0,1.0,1.0,1.0,1.0,1.0
111,0.01733572994774288,0.018404872919625438,0.004387269719358307,0.44976573216263205,0.28682398865930736,0.0889658810088805,0.010277803138625955,-1.0952567828716312e-19,0.09427356709009992,0.011112470952873292,-1.6092111303620145e-18,0.025309735889063593,0.024156057762935664,0.002015614998526871,0.0019140649819746614,0.025321047376710343,0.024157005833676234,0.001960225054062903,0.0018750340677797794,2500,0.014975137260767164,0.015502989929579577,0.01506235926263245,0.015209527236099992,1.0,1.0,1.0,1.0,0.016180600077833205,0.016667434015715736,0.016039369327294453,0.01642784157069124,1.0,1.0,1.0,1.0,1.0,1.0,1.0,1.0,1.0,1.0,1.0,1.0
112,0.01731949089045425,0.01840426455990304,0.004387241050107567,0.5435137375025079,0.34373817581217736,0.08895635239825583,0.010275402535919135,-5.0673681286997496e-06,0.09426272522098392,0.01111006849060392,-1.1578990194902032e-18,0.02530797336624491,0.024153195543193354,0.002122374949976802,0.0019943549996241927,0.025306373561183874,0.024153194822370074,0.0020274949492886662,0.0019766150508075953,2501,0.014975136614097532,0.015502992253656454,0.01506236179623527,0.01520953264620707,1.0,1.0,1.0,1.0,0.016182462790627218,0.016669977765438763,0.016041864595223464,0.016429948554305046,1.0,1.0,1.0,1.0,1.0,1.0,1.0,1.0,1.0,1.0,1.0,1.0
113,0.017510709041591337,0.018626488726887304,0.004384457921631421,0.502621175837703,0.4485210651764646,0.08889900282607832,0.010249867522532596,-4.0243231416701205e-06,0.09411434053535017,0.01103977259836438,-3.3771465707789993e-18,0.025512107238527995,0.024357193445767887,0.0022265659645199776,0.001902095042169094,0.02552069739001437,0.024343994025993087,0.0019105050014331937,0.0019354140385985374,2600,0.015179669969610112,0.015564890535817033,0.01505731457540342,0.015112322657250113,1.0,1.0,1.0,1.0,0.016176275158057467,0.016655694876860007,0.01602697799465048,0.016414457619381595,1.0,1.0,1.0,1.0,1.0,1.0,1.0,1.0,1.0,1.0,1.0,1.0
114,0.01751060160397924,0.018633192438579353,0.0043844303517126095,0.4788484980817884,0.27589757926762104,0.08889093428903602,0.01024743146827412,-7.845433784468998e-06,0.09410355822548835,0.011037350215827565,-3.66117610263683e-18,0.025509487468892818,0.024354573469137126,0.0022598960204049945,0.0021612750133499503,0.025509093541825026,0.024354429649294844,0.0025649560848250985,0.0018958540167659521,2601,0.015182276902212412,0.015565791259444278,0.015057710453977633,0.015112491974503256,1.0,1.0,1.0,1.0,0.01617708247151408,0.016656226074723723,0.01602730506480416,0.016414707252500774,1.0,1.0,1.0,1.0,1.0,1.0,1.0,1.0,1.0,1.0,1.0,1.0
115,0.017528045909647086,0.01870059839359432,0.00438175199202554,0.5080054152058437,0.3756109004607424,0.08885325364977865,0.010204793978389531,-6.752130517542705e-06,0.094053526493049,0.011006584401225504,-4.572888784809043e-18,0.025516915749792944,0.024350918317220752,0.002134204958565533,0.0019661750411614776,0.02551405577453065,0.024349892379975552,0.0019223949639126658,0.0020789949921891093,2700,0.015192699481155477,0.015565014161591362,0.015057768755777929,0.015110609588002458,1.0,1.0,1.0,1.0,0.01618780293261385,0.01666019751021314,0.016031037853583643,0.01641753838006115,1.0,1.0,1.0,1.0,1.0,1.0,1.0,1.0,1.0,1.0,1.0,1.0
116,0.017527812535955162,0.018717482905280747,0.004381725440860511,0.40179013332817703,0.3400603727204725,0.08885103698827242,0.010203376507857746,-4.746750775316073e-06,0.09404911765766508,0.01100506431760346,-4.699864684596197e-18,0.02551377894029022,0.024350238932111263,0.002447776962071657,0.0020822850055992603,0.025513778388953502,0.024348307815882434,0.0021950160153210163,0.005156542989425361,2701,0.015195114279899355,0.015566604461048511,0.015057568502282261,0.015111692224020748,1.0,1.0,1.0,1.0,0.01618780488610772,0.016660199022393924,0.016031038739116862,0.016417539746249717,1.0,1.0,1.0,1.0,1.0,1.0,1.0,1.0,1.0,1.0,1.0,1.0
117,0.017468754857751054,0.018712926674512187,0.004379144305289086,0.5303399085532874,0.3185302414931357,0.08878864771285568,0.010143138704475533,8.90491384334761e-19,0.09400968343526374,0.01096298185712428,-2.109705258930829e-18,0.025532822847403172,0.02436331008875268,0.0023081559920683503,0.002093545044772327,0.025529691521606217,0.02436942550452192,0.0020639250287786126,0.0020899150986224413,2800,0.015179409927151194,0.015559898502209122,0.015047445899290541,0.01510442586510691,1.0,1.0,1.0,1.0,0.01619066832538495,0.016663867600211622,0.016038509810480456,0.016424361534699266,1.0,1.0,1.0,1.0,1.0,1.0,1.0,1.0,1.0,1.0,1.0,1.0
118,0.01746854448508856,0.018712366558743553,0.0043791187008246765,0.46577384346164763,0.28609367238823324,0.08878100136430438,0.010141145075780749,8.848550034862406e-19,0.09400301077310397,0.010961152303371377,-2.590828677905733e-18,0.025529781467900615,0.024360768464271917,0.0023740060860291123,0.00218049599789083,0.02552978396867943,0.024360768076591686,0.002133975038304925,0.0023335959995165467,2801,0.015179410339599944,0.015559900249430984,0.015047446847675105,0.015104429659254568,1.0,1.0,1.0,1.0,0.016190666190797173,0.016663865888892113,0.016038505932778724,0.016424358918720083,1.0,1.0,1.0,1.0,1.0,1.0,1.0,1.0,1.0,1.0,1.0,1.0
119,0.0174509352907775,0.018696895170816012,0.004376628029471895,0.5788075554883108,0.3131935429992154,0.08908900954798664,0.010223249178052056,1.4050525103091808e-18,0.09424979979146274,0.011056018987138984,-4.486391837129001e-18,0.025567137307670205,0.024433313043144732,0.0023139059776440263,0.0021957659628242254,0.025561542321955844,0.024429340250990493,0.0020969350589439273,0.0021457059774547815,2900,0.015183442599998638,0.015565709705101004,0.015052089590716047,0.015111255643584268,1.0,1.0,1.0,1.0,0.016195411748046864,0.016671012743417615,0.016048975023155398,0.016433532258920167,1.0,1.0,1.0,1.0,1.0,1.0,1.0,1.0,1.0,1.0,1.0,1.0
120,0.017450721840814372,0.018696350458419005,0.0043766033070197115,0.4758172263391316,0.40704756206832826,0.0890778368781423,0.010220846157917362,3.927523288332783e-19,0.0942398093280487,0.01105373102364108,-4.716408040877979e-18,0.025564170274958834,0.024430823721941577,0.002506126998923719,0.0023685460910201073,0.025564173543960487,0.02443082444061032,0.0023789360420778394,0.0030148670775815845,2901,0.015183440852594392,0.015565710455800722,0.015052087690566452,0.015111256987624486,1.0,1.0,1.0,1.0,0.01619540782533235,0.016671009571676186,0.016048968983885085,0.016433527549605774,1.0,1.0,1.0,1.0,1.0,1.0,1.0,1.0,1.0,1.0,1.0,1.0
121,0.01745388929317385,0.01876237814931531,0.004374197019688375,0.46623921173159033,0.2006881854031235,0.08897334132412803,0.010156193190857024,-3.0172115035186667e-06,0.09411310635077738,0.01099795178490198,-4.461367523135107e-18,0.025639162124871766,0.02449965256713791,0.0023851459845900536,0.002322225016541779,0.02564302844637427,0.024497855200684638,0.0023582360008731484,0.002453126013278961,3000,0.01519047165070425,0.01557040845774344,0.015054360968969444,0.015112265970885748,1.0,1.0,1.0,1.0,0.016192788485040056,0.016666790890667353,0.016042342195367466,0.016427781990522708,1.0,1.0,1.0,1.0,1.0,1.0,1.0,1.0,1.0,1.0,1.0,1.0
122,0.015713919273214763,0.01595667850909761,0.0037475188376111133,3.1398296067491174,6.976046978496015,0.07306472977260152,0.006206664821313844,-8.326672684688674e-19,0.07145343116107161,0.005574553687655554,8.500145032286355e-19,0.02055639511758044,0.02390476352603925,0.00037143100053071976,0.0001606300938874483,0.0,0.0,0.00020788097754120827,0.0002125999890267849,0,0.01857856703435479,0.018749849981555714,0.018768123352504835,0.01782382794639441,0.0,0.0,0.0,0.0,0.02410868183032592,0.025001749522706555,0.02455734086831119,0.02431340181112235,0.0,0.0,0.0,0.0,0.0,0.0,0.0,0.0,1.0,1.0,1.0,1.0
123,0.015707692317631815,0.015953896361794742,0.00374628219638144,2.1993146387394518,2.6862387949367985,0.0729794783795363,0.006182703336577575,-1.7007092901733403e-19,0.07146436572263844,0.005571751201486108,-3.4014185803466805e-19,0.020454962001366945,0.02374614402678985,0.00017355999443680048,0.00019209098536521196,0.020455470889633582,0.02374613791243021,0.00017964094877243042,0.00016345095355063677,1,0.018578593089337556,0.01874988243683045,0.018768171636942603,0.017823861722736454,0.0,0.0,0.0,0.0,0.02407989456403562,0.02496881659669628,0.024525855847818506,0.02428281956695407,0.0,0.0,0.0,0.0,0.0,0.0,0.0,0.0,1.0,1.0,1.0,1.0
124,0.01686884969760518,0.016460501473922178,0.003679525386799434,2.3225326638203114,2.4763767385156825,0.08109130850047472,0.0075709719800685,8.0953762212251e-20,0.08180657396905178,0.007565340944866318,-7.979727989493313e-19,0.024004640553842972,0.02228283619877682,0.00041975092608481646,0.0002682709600776434,0.02744353305478862,0.025193759785837554,0.00024742993991822004,0.0003169899573549628,100,0.016617942575353414,0.017214483803090905,0.01701769066675034,0.01677428903531359,0.0,0.0,0.0,0.0,0.019471683217920293,0.020877232765074333,0.02030248037522885,0.020291042286298102,0.0,0.0,0.0,0.0,1.0,1.0,1.0,1.0,1.0,1.0,1.0,1.0
125,0.016851425064357606,0.01645871427182265,0.0036791179299676025,2.721454562153667,1.2147259042831138,0.08092105842913964,0.007541297596747287,7.122705662951128e-19,0.08163418748846342,0.007536497921082557,-9.319830595272748e-19,0.02393743801322832,0.022231053721186434,0.00022625003475695848,0.00020289106760174036,0.023939983842310643,0.022242534080497048,0.00027854100335389376,0.0002430700697004795,101,0.016605648630055585,0.01720037147946889,0.017001764758022554,0.01675867801204692,0.0,0.0,0.0,0.0,0.019465773528014558,0.020870626514909937,0.020293440971460505,0.02028367847605957,0.0,0.0,0.0,0.0,1.0,1.0,1.0,1.0,1.0,1.0,1.0,1.0
126,0.015908667340032982,0.016547098276239822,0.0036483317652148324,6.474026784766465,1.4321878106566146,0.08391227247472473,0.008079375529748224,-9.194034422677077e-20,0.08530388589162693,0.008331719110705425,-4.822531263215524e-19,0.022111948901881763,0.020786106998000355,0.00033160101156681776,0.00028745096642524004,0.02623450094640374,0.02280039283621606,0.0003144509391859174,0.000366810942068696,200,0.015226616131927093,0.015853002615231634,0.015482550567272952,0.015432889164781737,1.0,1.0,1.0,1.0,0.01624863550785102,0.017379748624150735,0.01653052524163052,0.0166491228152324,0.0,0.0,0.0,0.0,1.0,1.0,1.0,1.0,1.0,1.0,1.0,1.0
127,0.01617111984854354,0.01676055568356145,0.0036480890363229947,5.476087986375205,3.999248595093377,0.08395549410215589,0.008086151111901156,1.3822497816548263e-20,0.08534640640474334,0.008337984918341894,2.660830829685541e-19,0.022402188082353926,0.021008160395360312,0.0005114820087328553,0.00031392101664096117,0.022351608306615343,0.02098647609650434,0.0003029309445992112,0.0002999710850417614,201,0.015264055191575492,0.01589233065710161,0.015526874787716138,0.015481914600622676,1.0,1.0,1.0,1.0,0.01625395870110609,0.017388075782154993,0.0165367981535535,0.01665532004909241,0.0,0.0,0.0,0.0,1.0,1.0,1.0,1.0,1.0,1.0,1.0,1.0
128,0.015164610426316113,0.015909740726720786,0.0036279296524037463,3.900618792278692,1.9642085377126932,0.08371583256093164,0.008064231807797435,-1.4373423086664972e-19,0.08590402368723891,0.008455325489879956,-1.8710231776606991e-19,0.021973518719499003,0.020192414732371537,0.00035452109295874834,0.0003841610159724951,0.021556079423997426,0.020360301156998637,0.000538020976819098,0.00041780201718211174,300,0.015923572706104054,0.017026490944923065,0.01639873836426887,0.016333828523831518,0.0,0.0,0.0,0.0,0.01730344420495981,0.018164052811854917,0.01782335055209598,0.017252227516495768,0.0,0.0,0.0,0.0,1.0,1.0,1.0,1.0,1.0,1.0,1.0,1.0
129,0.01515374985982232,0.01588136936558141,0.0036277571442792315,7.345432474161498,1.2731429751729593,0.08375255233845125,0.008066914307506822,-3.0394727570533797e-19,0.08592663123335101,0.0084550837731434,1.408536155707664e-19,0.021941978711194937,0.020189428545348314,0.00039327098056674004,0.0005364409880712628,0.02194622010394493,0.020173065979651256,0.0004380310419946909,0.0003437710693106055,301,0.01593696332300293,0.017039897696795783,0.0164157083059516,0.016347251143598404,0.0,0.0,0.0,0.0,0.017309614736121713,0.01816884256381,0.01782952813928802,0.017258188015244015,0.0,0.0,0.0,0.0,1.0,1.0,1.0,1.0,1.0,1.0,1.0,1.0
130,0.014900416158247614,0.016035130967296366,0.003612765581381843,5.921167307416908,2.49145556834992,0.08449775848209007,0.00841701270735273,-7.912266520983104e-19,0.08637300073851861,0.008780004648722707,-8.42304621113183e-19,0.023411651644747393,0.02094540528134551,0.0008799120550975204,0.0006623619701713324,0.021976660914356773,0.02058911955148403,0.0005372120067477226,0.0004853910068050027,400,0.016252122695177798,0.01685966989273091,0.016490685079112624,0.01606011592119085,0.0,0.0,0.0,0.0,0.01814754066447394,0.01876841222523201,0.018298541938552786,0.01796294706733318,0.0,0.0,0.0,0.0,1.0,1.0,1.0,1.0,1.0,1.0,1.0,1.0
131,0.014891433234111772,0.016027533098922207,0.0036126319261751546,3.3867383199976757,3.381151538924314,0.08445472180922234,0.008407635278551186,2.3463000451127546e-19,0.08636718768081425,0.008775769759569719,-8.000498514482835e-19,0.023384048804030482,0.020926953276172142,0.0004277509870007634,0.00041909096762537956,0.023383797171917124,0.02092692045834678,0.0004247509641572833,0.0006654009921476245,401,0.01625268490513832,0.016860292357621293,0.016491206274155422,0.016060710919599056,0.0,0.0,0.0,0.0,0.018147877897591754,0.018768621789388325,0.018299077406044646,0.01796336810361763,0.0,0.0,0.0,0.0,1.0,1.0,1.0,1.0,1.0,1.0,1.0,1.0
132,0.014885440046406243,0.01630900824899859,0.0036007028282722636,0.8070801560534164,1.859060712857172,0.08408394306588504,0.008298080453383799,-1.4193192076173876e-19,0.08608457269222113,0.008629924965723457,-6.276544940352447e-19,0.025519346472297602,0.021764262723645966,0.0006107320077717304,0.0006455919938161969,0.024132748026887488,0.02190680807615436,0.00061145203653723,0.0005601710872724652,500,0.016012625854555037,0.01661732836429489,0.016159744970027982,0.016010225886351193,1.0,0.0,1.0,1.0,0.019217365030698135,0.019881993701853753,0.019241346618115964,0.01921450394899709,0.0,0.0,0.0,0.0,1.0,1.0,1.0,1.0,1.0,1.0,1.0,1.0
133,0.014879497735666573,0.01630684728056309,0.00360059381678839,1.7072200874099508,1.9578685858286917,0.0840912499730541,0.008298271218951688,-3.557599869063143e-19,0.08610163177811293,0.008630675149628711,-1.0011652728867961e-18,0.025494079494811056,0.021752155812234858,0.0005811209557577968,0.0005212510004639626,0.025494104848973353,0.02175220086626526,0.00052569096442312,0.0005652110558003187,501,0.016012139171166444,0.01661657595600238,0.016159064912698747,0.01600943723348763,1.0,0.0,1.0,1.0,0.019217340144218567,0.01988196959457022,0.01924131739733897,0.019214491220650064,0.0,0.0,0.0,0.0,1.0,1.0,1.0,1.0,1.0,1.0,1.0,1.0
134,0.014826173348930619,0.016284205246581165,0.0035906915696678416,1.6747580813243985,2.6221281389007345,0.08387665429094932,0.0081691528999944,-3.8364076872564e-19,0.08589440574249868,0.008490745728266445,2.935685882422289e-19,0.02486749606310549,0.0216659702186217,0.0007205320289358497,0.0006325709400698543,0.02464887768679578,0.02140336701417253,0.0005958520341664553,0.0005760720232501626,600,0.0164954026191476,0.01749549196405352,0.016552280756975346,0.016846139124016217,0.0,0.0,0.0,0.0,0.019400592563208013,0.020044592744932067,0.01946898740974581,0.01940737051597066,0.0,0.0,0.0,0.0,1.0,1.0,1.0,1.0,1.0,1.0,1.0,1.0
135,0.014821281889083032,0.016281096925738526,0.0035905995725815476,1.865538494195789,2.636425356962718,0.08386896224512953,0.00816393969320931,-1.7187352411751776e-19,0.08586449859977811,0.008485154765595257,2.5847646262634453e-19,0.024847775335745233,0.021655210038473163,0.0007903319783508778,0.005163602996617556,0.02484718012031876,0.021654595589263803,0.0007003919454291463,0.010645495960488915,601,0.016495407980934032,0.01749512575783748,0.01655216160058586,0.016845960501281388,0.0,0.0,0.0,0.0,0.01940106050835527,0.020045061330143853,0.019469555862971666,0.01940787319175217,0.0,0.0,0.0,0.0,1.0,1.0,1.0,1.0,1.0,1.0,1.0,1.0
136,0.014517744194067258,0.015932237667243936,0.0035821379241237077,1.2267369129694998,2.9571816116804257,0.08435446714995215,0.008283306747235203,-2.3129646346357427e-21,0.0863605127431476,0.008599560349419605,-7.702172233337024e-19,0.02449230740982341,0.022467865216323397,0.0006852609803900123,0.0006513419793918729,0.02439571670810904,0.021460688439601302,0.0007199819665402174,0.0006845219759270549,700,0.017167383546330225,0.017573953718073094,0.01725236441847498,0.0170158912895145,0.0,0.0,0.0,0.0,0.019529059510077246,0.020196319114416498,0.01961948194903032,0.019540301265781664,0.0,0.0,0.0,0.0,1.0,1.0,1.0,1.0,1.0,1.0,1.0,1.0
137,0.01451363344968814,0.015927632430423,0.0035820583749636065,1.2784907434834167,1.881823429837823,0.08433767636679765,0.008279170628729335,4.550473032855273e-19,0.08634671578645493,0.008595967208154483,-1.0278987307718763e-19,0.024475461702926388,0.02245467232513941,0.0008349620038643479,0.0007168619194999337,0.024474915416417546,0.0224545574833143,0.0007103520911186934,0.0008157819975167513,701,0.01716746222114144,0.01757405435105166,0.017252400802228132,0.01701597383614745,0.0,0.0,0.0,0.0,0.019529603190577453,0.02019686021086783,0.019620118757115043,0.019540881164500288,0.0,0.0,0.0,0.0,1.0,1.0,1.0,1.0,1.0,1.0,1.0,1.0
138,0.014532384705260653,0.015588568405321183,0.003574673185397382,0.6083761777263135,1.1486298138042912,0.0856201477560859,0.008645283446428481,-1.5306383611560064e-19,0.0879832493450627,0.00914933544634197,5.173557660707301e-19,0.024469485292567077,0.022259356598047588,0.0007474420126527548,0.0008257619338110089,0.0242126402685252,0.0222800131225521,0.0008350319694727659,0.000693132053129375,800,0.01580636982996837,0.016473250772999572,0.01615960950777694,0.016067091042602764,0.0,0.0,0.0,0.0,0.019775445834039476,0.02049719920685617,0.019911013141051516,0.019799820641577072,0.0,0.0,0.0,0.0,1.0,1.0,1.0,1.0,1.0,1.0,1.0,1.0
139,0.014476003374608176,0.015570686434428278,0.0035746031356507185,1.1371174755040556,1.4741845752578229,0.08561486144829246,0.008642883803666804,-4.912671653471334e-19,0.08797961644794171,0.009147876511267566,3.852676109983743e-19,0.024516087310578256,0.022258446396386397,0.0009196819737553596,0.0008172619855031371,0.024453644511313342,0.0222469572960343,0.0007150709861889482,0.0007311620283871889,801,0.015819557181522566,0.01648947852477545,0.01617584633236518,0.016080880649590082,0.0,0.0,0.0,0.0,0.019839751687141145,0.020574222222507245,0.01998847531900346,0.01986827820368493,0.0,0.0,0.0,0.0,1.0,1.0,1.0,1.0,1.0,1.0,1.0,1.0
140,0.014774308440745013,0.015573712978315668,0.0035680527354019467,2.0357990951742977,1.4526396673172712,0.08627297285260804,0.00897977441393074,-3.633789175993522e-19,0.0892278634261526,0.00946582511506446,-6.591949208711867e-19,0.024105237702345343,0.023315049573503895,0.0009754119673743844,0.0007424219511449337,0.024599529602403275,0.022176082060921025,0.0007882720092311502,0.0008035119390115142,900,0.017266238040776927,0.018041529684916326,0.017297881901859373,0.0176309389075894,0.0,0.0,0.0,0.0,0.0193085426637396,0.02004322980298239,0.01935282163642507,0.019321596055417,0.0,0.0,0.0,0.0,1.0,1.0,1.0,1.0,1.0,1.0,1.0,1.0
141,0.014770431377801048,0.015569256995511403,0.0035679901714569624,2.0150275602936745,0.8390666409395635,0.08626326824387616,0.008976550056698116,-4.0130301231850424e-20,0.08920713407775574,0.00946130306075986,-7.989578154341131e-19,0.024091704342822193,0.02330254584428019,0.0009477629791945219,0.0010744530009105802,0.024091548921361873,0.02330245328561685,0.0008942720014601946,0.0011843229876831174,901,0.017266534729201054,0.01804176676232005,0.017298211136519654,0.017631232678576737,0.0,0.0,0.0,0.0,0.01930875741455661,0.020043435445497026,0.01935309583316684,0.0193218265067682,0.0,0.0,0.0,0.0,1.0,1.0,1.0,1.0,1.0,1.0,1.0,1.0
142,0.015231984430911102,0.015722802887392855,0.0035621059789125694,1.856526502291672,0.6132816456956789,0.08620634827614891,0.008919504114220317,1.154830199721703e-18,0.08918108174452978,0.009431548113057306,-1.9164564115553298e-19,0.02465296605896445,0.02244870897420148,0.0009454819373786449,0.0009149729739874601,0.024857384228150155,0.02381639250621053,0.00802755996119231,0.0008205421036109328,1000,0.015672416049475918,0.01631916771021658,0.015774662889828938,0.01568914029734925,1.0,0.0,0.0,1.0,0.019027346578653927,0.019725449559822,0.01902954416318562,0.019024391355899298,0.0,0.0,0.0,0.0,1.0,1.0,1.0,1.0,1.0,1.0,1.0,1.0
143,0.015247044225832502,0.015723084075796735,0.0035620494649035135,2.1785111512290314,0.7615363410441205,0.08619561885746903,0.00891635951414944,-6.767237156522273e-20,0.0891674351775615,0.00942791474515845,0.0,0.02467928763970821,0.02244691098957298,0.0008681819308549166,0.000811652047559619,0.02469667602342392,0.022449835566227205,0.0008239520248025656,0.0007896219613030553,1001,0.0156688552135289,0.0163150671603939,0.01576974387528651,0.015685094526279218,1.0,0.0,0.0,1.0,0.0190023236914167,0.01969682238337004,0.019000318524344872,0.01899817858668495,0.0,0.0,0.0,0.0,1.0,1.0,1.0,1.0,1.0,1.0,1.0,1.0
144,0.015243466563826297,0.01589496918809829,0.003556709219302269,2.007954181986861,0.936154107330367,0.08652108353293246,0.008914050123533667,1.1479344045376958e-18,0.08984129007821127,0.009475426247482722,-6.5014418969217725e-19,0.02488996702811635,0.022475264279069016,0.001066362950950861,0.0011362530058249831,0.024935177107716346,0.022451322950090426,0.0011262019397690892,0.031189547036774457,1100,0.015714414900367162,0.016354096514144566,0.015834293653907292,0.01573294531761921,1.0,0.0,1.0,1.0,0.018953362593079785,0.019625771104282853,0.018940360737607086,0.018943913295371734,0.0,0.0,0.0,0.0,1.0,1.0,1.0,1.0,1.0,1.0,1.0,1.0
145,0.015240254127125766,0.01587105868491526,0.0035566576955635854,2.1744860113831237,0.6758102236781269,0.08651105115379558,0.008911320175298307,4.918539370481645e-06,0.08983331230554994,0.009472982889619041,-4.984880883399904e-19,0.024878540729720622,0.022479703809734707,0.0010578430956229568,0.0010105320252478123,0.024878373573296204,0.02246616721932338,0.03308770200237632,0.0009378520771861076,1101,0.015728867176256288,0.01637189226464552,0.01585472617397408,0.015748947677492943,1.0,0.0,1.0,1.0,0.018953593780775973,0.019625991566925925,0.018940642758504773,0.018944155460482063,0.0,0.0,0.0,0.0,1.0,1.0,1.0,1.0,1.0,1.0,1.0,1.0
146,0.015263188358791396,0.015708230113167437,0.0035517699165350555,2.5434848454315215,0.9853927434887737,0.08593906967036342,0.008769538039993393,-1.7763568394002505e-19,0.08928474129293315,0.009336890673992009,2.858824288409778e-19,0.02503010140000738,0.022377277341434063,0.00098980194889009,0.0009225219255313277,0.025177414764367623,0.022367143635319966,0.0009163720533251762,0.0009054429829120636,1200,0.01570339775203503,0.0163654075720638,0.015843049704400262,0.015746262890033745,1.0,0.0,0.0,0.0,0.018780986835311937,0.019430328639030308,0.0187405748897013,0.01876581439312114,0.0,0.0,0.0,0.0,1.0,1.0,1.0,1.0,1.0,1.0,1.0,1.0
147,0.015260375998034294,0.01570522339864275,0.00355172257885097,2.5060346458340064,0.8621883504092693,0.08597842318821776,0.008777410027711935,-1.123202250632465e-19,0.08932003894399979,0.009343513830004167,3.328006668540637e-19,0.02501962238189586,0.022369033503625735,0.0010241629788652062,0.0011712630512192845,0.02501948176135837,0.02236893975037458,0.007292398018762469,0.0009643619414418936,1201,0.01570359426020752,0.016365558193247542,0.015843223861674638,0.015746429019114407,1.0,0.0,0.0,0.0,0.01878118464626998,0.019430516316539324,0.018740816987429763,0.018766027557799343,0.0,0.0,0.0,0.0,1.0,1.0,1.0,1.0,1.0,1.0,1.0,1.0
148,0.01557195724172749,0.016282423836924215,0.003547217038600293,2.6221929723396897,0.9771276961546391,0.08638418154904291,0.008897481068088277,-2.7627077580371374e-19,0.08980754368648904,0.009480142765412647,-1.4690537880818405e-18,0.024409600686869648,0.022773835224331136,0.0011697330046445131,0.0012063630856573582,0.02556540921805177,0.022896856009150823,0.0010543219977989793,0.0013998739887028933,1300,0.015499254626969149,0.016210490770503978,0.015822017577720872,0.015796571711300104,1.0,1.0,1.0,1.0,0.01715315766023495,0.01785637309497506,0.017149642235612907,0.017468677821011108,0.0,0.0,0.0,0.0,1.0,1.0,1.0,1.0,1.0,1.0,1.0,1.0
149,0.015578330764720162,0.016286324963176883,0.0035471732622790234,2.3741737020900473,1.0132846517954022,0.08637691637959767,0.00889523773135674,-4.2372964254059685e-19,0.0897969702652738,0.009477313768259462,-1.5677996774002083e-18,0.024420688173911118,0.022780800261822887,0.0011783430818468332,0.0012033729581162333,0.024426853727024845,0.022786367411804287,0.0010335620027035475,0.0009915929986163974,1301,0.015494960894521365,0.016204167129067342,0.0158170561716085,0.015792216541247527,1.0,1.0,1.0,1.0,0.01714825787746123,0.017849462760192492,0.017144322057918177,0.017463663082681595,0.0,0.0,0.0,0.0,1.0,1.0,1.0,1.0,1.0,1.0,1.0,1.0
150,0.015464561034867423,0.01629180142516072,0.003542994879115584,1.7351724564796314,1.039497258956544,0.08645694081612412,0.008863119827228932,1.246608180667471e-18,0.08991355296425922,0.009458305190219181,-1.7227598657976567e-18,0.02426904890509879,0.022887007945976742,0.0012227229308336973,0.0034994189627468586,0.024280751135020692,0.02279169558719636,0.0011196429841220379,0.0013840330066159368,1400,0.01558422707941735,0.01632274669102777,0.01591298292739488,0.01588466985985348,1.0,0.0,1.0,1.0,0.01713099103451125,0.017837384681449825,0.0171216744593497,0.01744265124330004,0.0,0.0,0.0,0.0,1.0,1.0,1.0,1.0,1.0,1.0,1.0,1.0
151,0.015462001469955626,0.016288741937596232,0.003542954169306731,1.5739750787615776,0.7309905349975452,0.0864662136115548,0.008863917713299542,1.1333686114583137e-18,0.08991962401157691,0.009458488246002568,-1.1686369385026388e-18,0.024260454450850538,0.02287945820574689,0.0011286830995231867,0.0010856129229068756,0.02426042140972587,0.02287940306033251,0.0010643929708749056,0.0010450519621372223,1401,0.01558434239157916,0.016322837507853346,0.015913110158883127,0.01588479618650821,1.0,0.0,1.0,1.0,0.017131053357766008,0.01783742284614959,0.01712177193998752,0.017442746987388708,0.0,0.0,0.0,0.0,1.0,1.0,1.0,1.0,1.0,1.0,1.0,1.0
152,0.015410844936000683,0.01625592965122052,0.0035390589469880118,2.4449765423778445,0.8722415352240205,0.08643681306820511,0.008824380801513362,-3.453617986945489e-06,0.09000682272400895,0.00944370187599527,-1.1183370537869835e-18,0.024295946321004916,0.022812343072982966,0.0013479229528456926,0.0011930729961022735,0.02437263944717747,0.02287624447444963,0.0015624340157955885,0.0013668540632352233,1500,0.01551719128083,0.016241835948764893,0.01583904503264724,0.015807879136686156,1.0,1.0,1.0,1.0,0.017055282828688956,0.0177471921599833,0.017042987332772746,0.017365660866269218,0.0,0.0,0.0,0.0,1.0,1.0,1.0,1.0,1.0,1.0,1.0,1.0
153,0.015408565892837121,0.016259179053463316,0.003539020905065528,1.6015162642579526,0.7371356554795057,0.08642928778835761,0.008822113652057097,-1.0737166582448323e-19,0.08999413680687644,0.009440777871865709,-7.935437177340713e-19,0.024287955000157818,0.022800846713292557,0.001684424001723528,0.004449750995263457,0.02428793865145344,0.022805340040076026,0.08812011906411499,0.0020210250513628125,1501,0.015512967117619993,0.016236376584112824,0.015834191153073173,0.01580373457414571,1.0,1.0,1.0,1.0,0.017055321224396295,0.017747212173113633,0.01704305183085122,0.017365726650340974,0.0,0.0,0.0,0.0,1.0,1.0,1.0,1.0,1.0,1.0,1.0,1.0
154,0.01514688168884772,0.016061250430408965,0.0035353731471551245,2.067922411602922,0.6417339952895418,0.08667189059018085,0.00885431705558487,1.2721305490496584e-18,0.0903100484353712,0.009491579213369534,-3.690229939805208e-19,0.024056472473831643,0.022775414998423574,0.008517481037415564,0.0013347939820960164,0.024142861086979037,0.022726668309104022,0.001335804001428187,0.0013794830301776528,1600,0.015570773685328438,0.01630324954832364,0.015895157986303164,0.015863419213029674,1.0,0.0,1.0,1.0,0.016961091061024915,0.01764994288957342,0.016940845881793037,0.01727462466442192,0.0,0.0,0.0,0.0,1.0,1.0,1.0,1.0,1.0,1.0,1.0,1.0
155,0.015142282236837114,0.016055956240551533,0.003535337447312599,1.9803386373678222,0.8006333532975987,0.0866502029634082,0.008850536043027324,-3.3622744537406316e-19,0.09028610360713105,0.009487424346009504,6.514406754122473e-20,0.024050346601942402,0.02277019117982948,0.0013265230227261782,0.0013082129880785942,0.02404916543109349,0.02276880685858579,0.0014437340432778,0.0013438629684969783,1601,0.015572247647096847,0.016305249494367853,0.015896611376431346,0.01586458518713332,1.0,0.0,1.0,1.0,0.016961671307626925,0.017651377896884663,0.01694136805971456,0.017275099255375594,0.0,0.0,0.0,0.0,1.0,1.0,1.0,1.0,1.0,1.0,1.0,1.0
156,0.015014666960936628,0.015943946888752253,0.00353190779456274,2.0528580099344254,0.9473076397553086,0.08647916299994131,0.008794023214695542,-3.4074925420972996e-19,0.0901853194499269,0.00944613754580113,5.561027828702793e-19,0.023899592111236427,0.02393615219219635,0.0013565440895035863,0.0013032740680500865,0.0238703410070654,0.022621459852908598,0.0013563139364123344,0.001254093018360436,1700,0.01694582610257517,0.017681612704507164,0.016967490956650073,0.017313124348081972,0.0,0.0,0.0,0.0,0.016998805506506096,0.017686009594012682,0.0169838237248217,0.01731460514048564,0.0,0.0,0.0,0.0,1.0,1.0,1.0,1.0,1.0,1.0,1.0,1.0
157,0.01501290460979847,0.015941544436307065,0.003531874167112708,1.9324570872122422,0.9210740783018991,0.08648889843222156,0.008795026292828233,-1.7312560104337353e-19,0.09010268912292627,0.009434886988447405,-2.4965751910117386e-19,0.023892763324953294,0.023929241340666988,0.001502764062024653,0.001503542996942997,0.023892755552117218,0.023929185356109255,0.0014324639923870564,0.0014111140044406056,1701,0.0169459430054865,0.017681698019388403,0.016967614995487476,0.017313242519571594,0.0,0.0,0.0,0.0,0.016998828157118274,0.01768601904502293,0.016983866491498138,0.017314650395083387,0.0,0.0,0.0,0.0,1.0,1.0,1.0,1.0,1.0,1.0,1.0,1.0
158,0.014880282402496753,0.01559415022997463,0.0035286381823880345,1.2141998682636768,0.5461694188416004,0.08674795904130139,0.008954034628600817,7.454622504873306e-19,0.09054896055529914,0.009632892321637688,-8.889285703924395e-19,0.02372221821724535,0.02357637311303635,0.0014918940141797066,0.001611193991266191,0.02376693442951449,0.023799799441239368,0.0014628639910370111,0.032181749935261905,1800,0.0167201558228334,0.017423402793000108,0.016719872605122938,0.01708181029945152,0.0,0.0,0.0,0.0,0.016951242558337028,0.017635927494403764,0.016938637501283275,0.01727651342549436,0.0,0.0,0.0,0.0,1.0,1.0,1.0,1.0,1.0,1.0,1.0,1.0
159,0.01487871252687693,0.015592270972313273,0.003528606401586649,1.4789077956229448,0.5157567542046309,0.08719975593090816,0.009179335881562332,-1.2773787670212793e-18,0.09099870395948509,0.009857826822739103,-3.5894062198763754e-19,0.02371598969690513,0.02357017264445916,0.001429534051567316,0.001359623041935265,0.02371586799098896,0.023570206368494585,0.0015314039774239063,0.0013655030634254217,1801,0.016719965865961355,0.017423279879807626,0.016719721595153662,0.017081690532227523,0.0,0.0,0.0,0.0,0.016951479859786903,0.017636096738786137,0.016938884893675243,0.017276738116145243,0.0,0.0,0.0,0.0,1.0,1.0,1.0,1.0,1.0,1.0,1.0,1.0
160,0.01484363275248072,0.01557906241925674,0.00352554352873691,1.2730268188752234,0.5004774815170094,0.08742448497697479,0.009273327350475152,-6.8250890486352385e-06,0.09128627985646416,0.009982932110628397,-1.5194398445991725e-18,0.02363489067121008,0.02348325840749321,0.0015289540169760585,0.0015068940119817853,0.023644366992305387,0.02348844656582682,0.0014512629713863134,0.0013896130258217454,1900,0.01670060223082087,0.017412934758030622,0.016701808072542092,0.017070181800749453,0.0,0.0,0.0,0.0,0.016929312624708075,0.017625961126044913,0.016918298026335005,0.01726227942801749,0.0,0.0,0.0,0.0,1.0,1.0,1.0,1.0,1.0,1.0,1.0,1.0
161,0.014841496379656689,0.015503860759325644,0.0035255134037386754,1.441198076121509,0.3896193284308538,0.08748092776104895,0.00928047147401988,-2.6634673545516573e-06,0.09135258928786594,0.00999854616335528,1.3692845479263368e-19,0.023630021769114468,0.023450096244578923,0.004776712041348219,0.0014797929907217622,0.02362889149383676,0.02347744859732843,0.0016319639980793,0.0017963049467653036,1901,0.016664763690580786,0.017376355637661323,0.01666578838612907,0.017038866459583944,0.0,0.0,0.0,0.0,0.01692983059680825,0.017626683624658322,0.016918495599526517,0.017262012232274013,0.0,0.0,0.0,0.0,1.0,1.0,1.0,1.0,1.0,1.0,1.0,1.0
162,0.014777919342808029,0.015399538641957856,0.0035226061878103187,1.3598313133697957,0.3795359282521531,0.08736494165702482,0.009218619554669204,-6.748497424836603e-19,0.09113745601614931,0.009921076283685548,1.108530611477862e-19,0.023760680672384064,0.02220655365829808,0.005280554061755538,0.001633914071135223,0.02375920158504497,0.02356139396207787,0.0017897449433803558,0.0016212440095841885,2000,0.015232939065301248,0.01592294534728587,0.015468797050075362,0.015528036452432906,1.0,0.0,0.0,0.0,0.016918631390177474,0.017624912235795858,0.01691252224055121,0.01725766821284747,0.0,0.0,0.0,0.0,1.0,1.0,1.0,1.0,1.0,1.0,1.0,1.0
163,0.0147737250874482,0.015398256448143782,0.003522577555834852,0.9666177416220307,0.4131086675915867,0.08735458842780712,0.009216264223866988,-7.650206650516929e-19,0.09112563587759881,0.009918507373255385,-3.717264591378872e-19,0.023756208454965334,0.02220198927010757,0.001917984918691218,0.0018127040239050984,0.023754895594170447,0.022201952582448267,0.0017695939168334007,0.00244960596319288,2001,0.015233023325064262,0.015923008209051653,0.015468888211008914,0.01552812590601143,1.0,0.0,0.0,0.0,0.016919318908483937,0.01762626356625171,0.01691337635916494,0.01725863582015032,0.0,0.0,0.0,0.0,1.0,1.0,1.0,1.0,1.0,1.0,1.0,1.0
164,0.014979068145246743,0.015869883952030678,0.003519811049680508,0.8812106542754918,0.29857739922590554,0.08857036005473445,0.010096277924179714,-6.661995082188443e-06,0.09239135733094704,0.010765710463279845,-1.307093967945315e-18,0.02375304842452345,0.022030302043517004,0.02118395210709423,0.001623893971554935,0.023792651908665443,0.02223959563816977,0.0017881040694192052,0.0016423340421169996,2100,0.01498794423294067,0.015645745289349738,0.015138515762874647,0.015267945755651682,1.0,1.0,1.0,1.0,0.01685949885232863,0.01757647910084419,0.016851910035231767,0.017203722966395822,0.0,0.0,0.0,0.0,1.0,1.0,1.0,1.0,1.0,1.0,1.0,1.0
165,0.014969805889232997,0.016185205694936342,0.0035197837707727064,0.7716423819074407,0.4468956919154152,0.08851153596398681,0.01008372193625468,9.288553061163587e-19,0.09238654191070216,0.010763796779924647,-1.5306858007456903e-18,0.02375203093258121,0.021924812755902478,0.023864488932304084,0.004679291043430567,0.023747539964113336,0.02202644003431784,0.0016832349356263876,0.0015515240374952555,2101,0.014903264099913657,0.015512004187433912,0.015006869968140692,0.015164652433064153,1.0,1.0,1.0,1.0,0.016862842866179915,0.017581291147552653,0.01685590680711069,0.017207758413527872,0.0,0.0,0.0,0.0,1.0,1.0,1.0,1.0,1.0,1.0,1.0,1.0
166,0.015007032890437805,0.01625636330518355,0.0035171450770431,0.8987637963145971,0.6967311990447342,0.08843159196909113,0.010011607438137313,1.126028282961834e-18,0.09227351310972029,0.010688030714165476,-5.657126002213255e-19,0.023782503535693764,0.021892232184982534,0.0017311139963567257,0.0033546179765835404,0.023749211637409225,0.021899487084435593,0.002080984995700419,0.0018723139073699713,2200,0.014922987030477987,0.015521751400558323,0.015018114927701588,0.015173505966147246,1.0,1.0,1.0,1.0,0.01691033718331317,0.017624626811404233,0.016901628853405817,0.01724768051670187,0.0,0.0,0.0,0.0,1.0,1.0,1.0,1.0,1.0,1.0,1.0,1.0
167,0.015005635213855109,0.016255527666253985,0.0035171190300008768,0.8585709119215608,0.8070048490772024,0.08843123398112233,0.010010621760890945,-3.7174629166356564e-06,0.092277835357336,0.010687781773195976,-5.346354560012928e-19,0.023777224369459254,0.021888900820016363,0.001901834039017558,0.0018172540003433824,0.023777207378720154,0.021888892797463852,0.0018563250778242946,0.014882887015119195,2201,0.014923025829300083,0.015521776447881606,0.015018162450917296,0.015173549619068784,1.0,1.0,1.0,1.0,0.01691038784156924,0.0176246631903414,0.01690169555582709,0.01724774816878594,0.0,0.0,0.0,0.0,1.0,1.0,1.0,1.0,1.0,1.0,1.0,1.0
168,0.015142281448152125,0.01624352619561603,0.003514596943080667,1.0139640596462414,0.4599179436918348,0.08870579206439315,0.010319317470585499,1.0511686084216907e-18,0.09406618965753459,0.011124951652498117,-1.1452865842459644e-18,0.0230270742672408,0.02193190741401886,0.004903592052869499,0.001987584982998669,0.023846078552543604,0.021941825000289607,0.009812784963287413,0.0017082939157262444,2300,0.014939041702956003,0.015518315453392986,0.015039689963432103,0.01518979784701687,1.0,1.0,1.0,1.0,0.016138353615659445,0.016657372771707528,0.016004940867812376,0.016397144670662955,0.0,0.0,0.0,0.0,1.0,1.0,1.0,1.0,1.0,1.0,1.0,1.0
169,0.015142019004038491,0.016242770549256387,0.0035145720222515124,0.7895587001694366,0.3597531042760238,0.08870002799937537,0.01031752637301017,-6.788369195655732e-19,0.09405764731080983,0.011122511159318534,-1.5360529970713391e-18,0.02302345905324884,0.021928741513852046,0.0019547350239008665,0.0018778749508783221,0.023023458021494796,0.021928732150285405,0.0018763539846986532,0.002027914975769818,2301,0.014939062279724389,0.01551833273440029,0.015039715203889836,0.015189821257513685,1.0,1.0,1.0,1.0,0.01613835492020603,0.016657374287958653,0.016004942081312663,0.016397145843978538,0.0,0.0,0.0,0.0,1.0,1.0,1.0,1.0,1.0,1.0,1.0,1.0
170,0.015348084359826247,0.016369425745997476,0.0035121567450693623,0.6848910972476006,0.43997080880217254,0.0889856026152193,0.010330618217770387,1.3452545017583178e-06,0.09424734382305129,0.011129350564562199,-9.342725006332233e-19,0.023300909299830398,0.02213633950267408,0.00180306495167315,0.0017978840041905642,0.023317381666353096,0.022147362504104498,0.0017651739763095975,0.0016890550032258034,2400,0.014942826952040822,0.01549706573852507,0.015034299378139406,0.015182180512882589,1.0,1.0,1.0,1.0,0.01612936029354464,0.01663329928925178,0.015985299419210834,0.01637890933175805,0.0,0.0,0.0,0.0,1.0,1.0,1.0,1.0,1.0,1.0,1.0,1.0
171,0.0153478436010185,0.016368769845748976,0.0035121328578024765,0.8877366537926719,0.40333215438295156,0.08897491810122377,0.010328073489883757,1.070843173868996e-18,0.09423501773693772,0.011126496209426046,-1.2063795042033733e-18,0.023297424754203745,0.022133331233383798,0.0018443239387124777,0.0018612140556797385,0.02329742381376767,0.02213333074616095,0.002043705084361136,0.0018109539523720741,2401,0.01494282156377038,0.015497067458662367,0.015034299406352975,0.01518218601173447,1.0,1.0,1.0,1.0,0.016129361216024988,0.016633300434842728,0.01598530007505023,0.016378910252424016,0.0,0.0,0.0,0.0,1.0,1.0,1.0,1.0,1.0,1.0,1.0,1.0
172,0.015357442943017968,0.01642624362651596,0.003509815775486646,1.119455344742164,0.28898464527446777,0.0889658810088805,0.010277803138625955,-1.768737661780274e-20,0.09427356709009992,0.011112470952873292,-1.7695880164253604e-18,0.023300055339432614,0.022175923574199775,0.0020272149704396725,0.007160468026995659,0.02331202855276515,0.02217583417905356,0.0019894849974662066,0.0019099649507552385,2500,0.014936621781675968,0.015486561564568433,0.015020369631471514,0.015173242235591454,1.0,1.0,1.0,1.0,0.016111332184730424,0.016618738170840985,0.015972520098212012,0.016368658546546528,0.0,0.0,0.0,0.0,1.0,1.0,1.0,1.0,1.0,1.0,1.0,1.0
173,0.015341384020300221,0.01642564791501903,0.003509792840086053,0.7167462164070457,0.376396706327796,0.08895635239825583,0.010275402535919135,-5.038698709696312e-06,0.09426272522098392,0.01111006849060392,-1.948928844433371e-18,0.023298437061840843,0.022173075049011476,0.0020459049846976995,0.0020809450652450323,0.0232967185141223,0.022173073899124707,0.0020220449659973383,0.0020488459849730134,2501,0.014936622034812837,0.01548656504116777,0.015020373426818718,0.015173250353741386,1.0,1.0,1.0,1.0,0.016113475597146633,0.016621287974069896,0.015975260198203643,0.016371119358120155,0.0,0.0,0.0,0.0,1.0,1.0,1.0,1.0,1.0,1.0,1.0,1.0
174,0.01553341353299301,0.016651538250886652,0.003507566337305137,0.7983232010155916,0.46298945893067867,0.08889900282607832,0.010249867522532596,-4.018422208190302e-06,0.09411434053535017,0.01103977259836438,-2.295071889348938e-18,0.023502577688200695,0.02237314588881945,0.0021523060277104378,0.0021218560868874192,0.0235118435901528,0.022363696184902495,0.0019381149904802442,0.007625769008882344,2600,0.015134558652522704,0.015539647351406775,0.01501748268728287,0.015079128609346763,1.0,1.0,1.0,1.0,0.016106854804449608,0.016608012760923073,0.01595912958074531,0.01635300834967867,0.0,0.0,0.0,0.0,1.0,1.0,1.0,1.0,1.0,1.0,1.0,1.0
175,0.01553343269693163,0.016658609895781766,0.0035075442813700874,0.9589089975925162,0.34782135591376573,0.08889093428903602,0.01024743146827412,-7.809220510506096e-06,0.09410355822548835,0.011037350215827565,-3.3065098921579805e-18,0.02350015844671612,0.022370384701587323,0.0020608350168913603,0.0019582549575716257,0.023499786836047032,0.022370397193118265,0.01578436908312142,0.006652946933172643,2601,0.015137668258431564,0.01554056912264884,0.015017904125564939,0.015079056097236473,1.0,1.0,1.0,1.0,0.01610786547656939,0.016608604663320384,0.015959489419810985,0.01635330295708848,0.0,0.0,0.0,0.0,1.0,1.0,1.0,1.0,1.0,1.0,1.0,1.0
176,0.015553355629985425,0.01672793861200757,0.0035054015936204323,0.7337647841777653,0.6988358411472291,0.08885325364977865,0.010204793978389531,-6.731685742538571e-06,0.094053526493049,0.011006584401225504,-4.673818150684057e-18,0.023509519346950697,0.02236739516306912,0.0021828460739925504,0.002067814930342138,0.0235073198741914,0.022367205396499494,0.0020571850473061204,0.004233581013977528,2700,0.01514858181807414,0.015538541271245914,0.015017468425234498,0.015076337051464507,1.0,1.0,1.0,1.0,0.016121136805311364,0.016613833761805724,0.015964372240648343,0.016356859028193123,0.0,0.0,0.0,0.0,1.0,1.0,1.0,1.0,1.0,1.0,1.0,1.0
177,0.015553134615219935,0.016744836071640436,0.003505380352688409,0.964698122930713,0.6772670979844406,0.08885103698827242,0.010203376507857746,-4.730467205530888e-06,0.09404911765766508,0.01100506431760346,-5.6812036193431634e-18,0.023506406543883474,0.0223670338861141,0.004100010031834245,0.002392505994066596,0.023506406234260913,0.022364799987152104,0.00197219499386847,0.0020116850500926375,2701,0.015151195999186086,0.015540544814052652,0.015017076612378057,0.015077624842036168,1.0,1.0,1.0,1.0,0.016121139209329827,0.01661383532901223,0.015964373191540954,0.016356860599572743,0.0,0.0,0.0,0.0,1.0,1.0,1.0,1.0,1.0,1.0,1.0,1.0
178,0.01549560862842032,0.016739740370061474,0.003503315444231269,1.0017322627827525,0.4676544644171372,0.08878864771285568,0.010143138704475533,9.671844222200514e-19,0.09400968343526374,0.01096298185712428,-2.3437407594617347e-18,0.023523627363148086,0.022377583845346865,0.0022655249340459704,0.013922845013439655,0.023519829996185484,0.022383960185917044,0.0021658160258084536,0.00471470202319324,2800,0.015133312338478703,0.015533675116052357,0.015005493319233409,0.01506912323590312,1.0,1.0,1.0,1.0,0.0161245791152994,0.016617685080456152,0.015973637362850863,0.01636506313987412,0.0,0.0,0.0,0.0,1.0,1.0,1.0,1.0,1.0,1.0,1.0,1.0
179,0.01549540974186666,0.016739191794300223,0.0035032949606597415,0.8782586068846285,0.3365740552544594,0.08878100136430438,0.010141145075780749,7.554048388022469e-19,0.09400301077310397,0.010961152303371377,-1.6881761782173452e-18,0.023520609717004957,0.022375058424463825,0.0021135449642315507,0.0021037349943071604,0.02352061261994292,0.022375057730546523,0.0021048260387033224,0.002051325049251318,2801,0.015133312915269485,0.0155336775239364,0.015005494535674572,0.015069127836998111,1.0,1.0,1.0,1.0,0.016124576581777968,0.016617683149879246,0.015973632541828257,0.016365060039527816,0.0,0.0,0.0,0.0,1.0,1.0,1.0,1.0,1.0,1.0,1.0,1.0
180,0.015479252492968328,0.01672516093777074,0.0035013024235775164,0.8438687596935779,0.4937044478720054,0.08908900954798664,0.010223249178052056,1.3188308731345708e-18,0.09424979979146274,0.011056018987138984,-4.0317619770054184e-18,0.02356037364454856,0.02244883095304681,0.002513715997338295,0.002585476031526923,0.023553973567199515,0.022444001117585113,0.06482074107043445,0.0028701169649139047,2900,0.015138535553722984,0.015541119531152656,0.015011353277706923,0.015077582922266932,1.0,1.0,1.0,1.0,0.01613016049272406,0.01662478921711167,0.015986133761121422,0.01637588620150348,0.0,0.0,0.0,0.0,1.0,1.0,1.0,1.0,1.0,1.0,1.0,1.0
181,0.01547904998356727,0.016724626878894405,0.0035012826456157693,0.7102104724617675,0.4083617313299328,0.0890778368781423,0.010220846157917362,6.073148733034696e-19,0.0942398093280487,0.01105373102364108,-4.501331134143647e-18,0.023557428881577212,0.02244635663304203,0.0024897459661588073,0.00249061593785882,0.02355743270690431,0.02244635728738236,0.002321665990166366,0.0023207550402730703,2901,0.015138533468412742,0.015541120818038868,0.015011351133623613,0.015077584974014397,1.0,1.0,1.0,1.0,0.016130155813257555,0.016624785721925488,0.015986126164253052,0.0163758803975954,0.0,0.0,0.0,0.0,1.0,1.0,1.0,1.0,1.0,1.0,1.0,1.0
182,0.01548313730106962,0.01679287896939415,0.0034993576157507002,0.7432919403072447,0.4249258053023368,0.08897334132412803,0.010156193190857024,-3.007649603673417e-06,0.09411310635077738,0.01099795178490198,-3.941803623035168e-18,0.023634219045958686,0.022516774127188263,0.003821559017524123,0.002579785999841988,0.02363855172304286,0.022515261083564955,0.0024255659664049745,0.0022379449801519513,3000,0.015147126356713182,0.015546339203171281,0.015013787744984422,0.015078332904348886,1.0,1.0,1.0,1.0,0.016127219380674313,0.01662070342173359,0.015978217998809306,0.016369131602025567,0.0,0.0,0.0,0.0,1.0,1.0,1.0,1.0,1.0,1.0,1.0,1.0
183,0.014649639045844352,0.014902718223326668,0.003279078982909724,1.0984187182039022,2.0001172196352854,0.07306472977260152,0.006206664821313844,-5.898059818321145e-19,0.07145343116107161,0.005574553687655554,8.673617379884035e-19,0.01950579732344654,0.022857658054733086,0.0002616810379549861,0.00020656001288443804,0.0,0.0,0.00023371994029730558,0.0001961409579962492,0,0.01858144624554535,0.018755516087159165,0.018779787723764433,0.0178310611175681,0.0,0.0,0.0,0.0,0.02414779125573212,0.025041014973066534,0.024592911708268616,0.024352922547381042,0.0,0.0,0.0,0.0,0.0,0.0,0.0,0.0,1.0,1.0,1.0,1.0
184,0.01464479002487206,0.014900281816060524,0.00327799692183376,0.8839712988119572,1.40424872841686,0.0729794783795363,0.006182703336577575,-2.0408511482080083e-19,0.07146436572263844,0.005571751201486108,-1.7007092901733403e-19,0.019405310430911767,0.022699256758387618,0.00022038002498447895,0.00020924105774611235,0.019406077876922015,0.022699242445895544,0.00021643098443746567,0.0037883101031184196,1,0.01858145175195451,0.01875553022595252,0.018779817822741962,0.017831078831072968,0.0,0.0,0.0,0.0,0.02411204129247137,0.024999750369664394,0.024553615741397024,0.024314147204099787,0.0,0.0,0.0,0.0,0.0,0.0,0.0,0.0,1.0,1.0,1.0,1.0
185,0.01583370919129073,0.015405037670498192,0.0032195847134495045,0.6927907078061253,0.3127902334090322,0.08109130850047472,0.0075709719800685,0.0,0.08180657396905178,0.007565340944866318,-6.765421556309548e-19,0.022965817913387462,0.021316606110016286,0.0018696050392463803,0.00029514101333916187,0.02640108042662779,0.024189162554614507,0.0002931200433522463,0.0002995709655806422,100,0.016700598131732244,0.017301335694692863,0.017131585536909702,0.016881910600242817,0.0,0.0,0.0,0.0,0.019450087293433144,0.020852089658549598,0.020274983744232894,0.020266042152473608,0.0,0.0,0.0,0.0,1.0,1.0,1.0,1.0,1.0,1.0,1.0,1.0
186,0.015816285921030446,0.015404248041119166,0.003219228188721652,0.906022711773403,0.3487532226135954,0.08092105842913964,0.007541297596747287,7.467352711158441e-19,0.08163418748846342,0.007536497921082557,-1.0669698200751387e-18,0.02289826135644803,0.021272467806718466,0.00029223994351923466,0.00043105101212859154,0.02290116705301824,0.02127663580888165,0.0002673499984666705,0.0003026999766007066,101,0.016695893147297945,0.017296159510733357,0.017125605375992274,0.016875901097690094,0.0,0.0,0.0,0.0,0.019443724818761852,0.020844941289736383,0.020265144124182094,0.02025799267145834,0.0,0.0,0.0,0.0,1.0,1.0,1.0,1.0,1.0,1.0,1.0,1.0
187,0.014885553956566397,0.015520751806224633,0.003192290294562978,1.129491554456763,1.170339589822106,0.08391227247472473,0.008079375529748224,-1.691355389077387e-19,0.08530388589162693,0.008331719110705425,-2.983724378680108e-19,0.021080652036379613,0.01975966177945051,0.00044356100261211395,0.00036003103014081717,0.025216735921492213,0.021847256761249326,0.0003896410344168544,0.0004278910346329212,200,0.015217439233129411,0.01584568749917654,0.015474531903684297,0.015424423069383986,1.0,0.0,1.0,1.0,0.01623710342172651,0.017370051791342437,0.016514521382754544,0.01663466552616714,0.0,0.0,0.0,0.0,1.0,1.0,1.0,1.0,1.0,1.0,1.0,1.0
188,0.015148395534749892,0.015734338755499004,0.00319207790678262,1.3859537871321663,0.9863031228305772,0.08395549410215589,0.008086151111901156,2.0733746724822395e-20,0.08534640640474334,0.008337984918341894,2.418937117895946e-19,0.021377384906671508,0.0199834276682974,0.0003705300623551011,0.00036083103623241186,0.021321008682211845,0.019960729063622208,0.0003911810927093029,0.00037480099126696587,201,0.015259157636819235,0.015889363884292733,0.015524149591647102,0.015480947912201596,1.0,0.0,1.0,1.0,0.0162429492383771,0.017379349207080882,0.0165210333867328,0.016641231839990632,0.0,0.0,0.0,0.0,1.0,1.0,1.0,1.0,1.0,1.0,1.0,1.0
189,0.014145459162876123,0.014886997696915216,0.003174438445853278,2.3149486305192113,0.7065709036542103,0.08371583256093164,0.008064231807797435,-1.6851599480917554e-19,0.08590402368723891,0.008455325489879956,-2.7259940336778397e-19,0.0209511096595131,0.019201513499956475,0.0005009110318496823,0.0004300710279494524,0.020535849094381886,0.019346925256929697,0.0006335809594020247,0.0004141309764236212,300,0.01590146252013149,0.01700233641155205,0.016382081413953305,0.016313750741204325,0.0,0.0,0.0,0.0,0.017286346098863217,0.018150048874086163,0.017801281694951352,0.017235974580918207,0.0,0.0,0.0,0.0,1.0,1.0,1.0,1.0,1.0,1.0,1.0,1.0
190,0.014135158420882827,0.014858831856340678,0.0031742875012443278,1.0237034178571776,0.5828063278459013,0.08375255233845125,0.008066914307506822,-8.401794612993082e-20,0.08592663123335101,0.0084550837731434,-4.695120519025546e-20,0.020919962737803215,0.019199021792096135,0.00045905099250376225,0.00037186103872954845,0.02092486864143394,0.01918214720939474,0.00038320093881338835,0.00034923991188406944,301,0.015915201939566664,0.017015622900051583,0.016398542635018457,0.016326968732994277,0.0,0.0,0.0,0.0,0.017293586476261634,0.01815599746574906,0.017808899849935122,0.0172428579244901,0.0,0.0,0.0,0.0,1.0,1.0,1.0,1.0,1.0,1.0,1.0,1.0
191,0.013883844603253625,0.01501508966757139,0.0031611698837091125,1.1896306512644514,0.9704334605485201,0.08449775848209007,0.00841701270735273,-7.642420646942266e-19,0.08637300073851861,0.008780004648722707,-9.406056180852022e-19,0.022380692837978347,0.019944997470547204,0.0004963210085406899,0.0005003020633012056,0.02096103917750953,0.019605986304229214,0.0006181520875543356,0.0005791509756818414,400,0.016223743408463966,0.016834652188185566,0.016463142692778945,0.01603279252901114,0.0,0.0,0.0,0.0,0.018123491424716604,0.01874922594735797,0.018265089845450676,0.01793517126777344,0.0,0.0,0.0,0.0,1.0,1.0,1.0,1.0,1.0,1.0,1.0,1.0
192,0.013874923646246325,0.015007566792125912,0.0031610529354032606,2.7994877642486244,1.1975197504507378,0.08445472180922234,0.008407635278551186,2.615547591273235e-19,0.08636718768081425,0.008775769759569719,-9.577519856279933e-19,0.022353188396458112,0.01992653818652715,0.0005088408943265676,0.00043354101944714785,0.022352930899318564,0.01992654426316686,0.0004764910554513335,0.0004757021088153124,401,0.016224366936259227,0.016835352560162813,0.016463723502011612,0.01603344261162539,0.0,0.0,0.0,0.0,0.018123841154242416,0.018749459931638984,0.018265685892048054,0.01793565313333246,0.0,0.0,0.0,0.0,1.0,1.0,1.0,1.0,1.0,1.0,1.0,1.0
193,0.013878529213834877,0.015297633871373388,0.003150614974738231,0.7134838666534051,1.6244616965996101,0.08408394306588504,0.008298080453383799,-1.1354553660939102e-19,0.08608457269222113,0.008629924965723457,-5.23768213144361e-19,0.02451181626424522,0.020751887658842602,0.0005669919773936272,0.0009729720186442137,0.023109979677408087,0.02092225532042842,0.0005975320236757398,0.0005820810329169035,500,0.01599236846870635,0.0166039706283625,0.016134756572765505,0.015990622929102135,0.0,0.0,0.0,0.0,0.01921290337699636,0.019877642196726886,0.019237019309291368,0.01921010332757057,0.0,0.0,0.0,0.0,1.0,1.0,1.0,1.0,1.0,1.0,1.0,1.0
194,0.01387261742470299,0.015295510818501333,0.0031505195896898413,0.9153413842432201,1.7910349927842617,0.0840912499730541,0.008298271218951688,-4.124297193338688e-19,0.08610163177811293,0.008630675149628711,-7.949504132198617e-19,0.024486577405652018,0.020739830639825665,0.0005776110338047147,0.0017514039063826203,0.024486606372155946,0.020739865480967658,0.0031676969956606627,0.000739012029953301,501,0.015991808455782665,0.01660309877368199,0.01613397917290511,0.01598973484514837,0.0,0.0,0.0,0.0,0.019212875010064277,0.019877614728739987,0.019236985811028496,0.019210088950188556,0.0,0.0,0.0,0.0,1.0,1.0,1.0,1.0,1.0,1.0,1.0,1.0
195,0.013819366515194035,0.01527889015896811,0.0031418551234593615,0.780612739501521,1.0508690824499354,0.08387665429094932,0.0081691528999944,-4.677081371768237e-19,0.08589440574249868,0.008490745728266445,4.0032080214849397e-19,0.02389770252585386,0.020657338270404692,0.0006215219618752599,0.0006981820333749056,0.023643929624279005,0.020399614931566806,0.0007183919660747051,0.0006328319432213902,600,0.016481105518591794,0.017481768972616298,0.01653497193432374,0.016830049673708727,0.0,0.0,0.0,0.0,0.019425022182552494,0.020068859600217294,0.019499704062318414,0.01943309231013378,0.0,0.0,0.0,0.0,1.0,1.0,1.0,1.0,1.0,1.0,1.0,1.0
196,0.013814487728758797,0.015275800277564153,0.003141774626008854,0.7613956871209666,1.0829490910982713,0.08386896224512953,0.00816393969320931,-2.231691107727459e-19,0.08586449859977811,0.008485154765595257,1.8119999441846832e-19,0.02387803304976962,0.02064672582482064,0.0006474910769611597,0.0007328919600695372,0.023877342238652174,0.020645987263326948,0.0006635020254179835,0.0007433519931510091,601,0.016481119359526588,0.01748136219199368,0.016534845205600467,0.016829886990839468,0.0,0.0,0.0,0.0,0.019425571228710525,0.02006940065210526,0.01950037032818116,0.01943368157736489,0.0,0.0,0.0,0.0,1.0,1.0,1.0,1.0,1.0,1.0,1.0,1.0
197,0.013513986863940942,0.014927655098245698,0.0031343706836082443,0.5828049333067611,0.6399674942949787,0.08435446714995215,0.008283306747235203,1.5959455978986625e-19,0.0863605127431476,0.008599560349419605,-2.706168622523819e-19,0.023520181156296442,0.021467397682335736,0.0008706520311534405,0.0007043620571494102,0.023426144713258205,0.02045438933740678,0.0007029819535091519,0.0006737810326740146,700,0.017156237365293505,0.01756882239064232,0.017233405033848282,0.01700118189805667,0.0,0.0,0.0,0.0,0.019553156175283092,0.020220554109516668,0.019649994199222257,0.019565964447468758,0.0,0.0,0.0,0.0,1.0,1.0,1.0,1.0,1.0,1.0,1.0,1.0
198,0.013509889143907765,0.014923071726382318,0.0031343010780931556,0.5773546436103061,0.682917112018913,0.08433767636679765,0.008279170628729335,6.421479711338913e-19,0.08634671578645493,0.008595967208154483,-7.391631322404505e-20,0.023503386471980893,0.021454229429779363,0.0007207310991361737,0.0007116310298442841,0.023502760130891465,0.021454106345309268,0.0007166510913521051,0.0006879519205540419,701,0.017156327426424756,0.01756893933210905,0.017233451320930883,0.017001280911150118,0.0,0.0,0.0,0.0,0.019553779158930064,0.020221176330847895,0.019650731802741957,0.01956663691512144,0.0,0.0,0.0,0.0,1.0,1.0,1.0,1.0,1.0,1.0,1.0,1.0
199,0.013529096046169373,0.014585443713525544,0.003127839037222709,0.29577186272945255,0.32313662755768746,0.0856201477560859,0.008645283446428481,-4.87763424421714e-19,0.0879832493450627,0.00914933544634197,4.459259758834499e-19,0.023498493317254326,0.021262198587420497,0.0010763619793578982,0.0009149820543825626,0.02323926503479198,0.021281043113231087,0.0008026720024645329,0.000774662010371685,800,0.015798003543244298,0.016473676745738765,0.016145832367372326,0.01605449336492794,0.0,0.0,0.0,0.0,0.01979523638364121,0.020517920220541497,0.019937234921531165,0.019821540135450916,0.0,0.0,0.0,0.0,1.0,1.0,1.0,1.0,1.0,1.0,1.0,1.0
200,0.013472320996218801,0.014567558273645056,0.0031277777436943786,0.261452165315859,0.4514315235428512,0.08561486144829246,0.008642883803666804,-6.686125735844803e-19,0.08797961644794171,0.009147876511267566,3.434793251493443e-19,0.023546987909589104,0.0212610983998539,0.017368174041621387,0.0008394120959565043,0.023482626432828193,0.021249813894453386,0.0008494519861415029,0.0007388419471681118,801,0.01581100337383526,0.016489593991611245,0.01616183040798304,0.016068158143691634,0.0,0.0,0.0,0.0,0.019860522870058753,0.020596388588182406,0.020016090197871088,0.019891057437667024,0.0,0.0,0.0,0.0,1.0,1.0,1.0,1.0,1.0,1.0,1.0,1.0
201,0.01377237108192586,0.014568426262344938,0.0031220461434767035,0.8340048216050491,0.560379579779692,0.08627297285260804,0.00897977441393074,-8.673617379884036e-20,0.0892278634261526,0.00946582511506446,-4.985047462543878e-19,0.023079541407551703,0.02230033038244692,0.0010724520543590188,0.002917878096923232,0.023635311016827427,0.02117918879911143,0.0009483719477429986,0.0008603129535913467,900,0.017220017028838526,0.01800535671063624,0.017250105464732806,0.017587223607078168,0.0,0.0,0.0,0.0,0.01926430875878744,0.02000164605868383,0.01930182955183691,0.019276593320459785,0.0,0.0,0.0,0.0,1.0,1.0,1.0,1.0,1.0,1.0,1.0,1.0
202,0.013768519513116665,0.014564003798916075,0.003121991400024842,0.9726029384182766,0.6864505134290084,0.08626326824387616,0.008976550056698116,3.520521880794151e-19,0.08920713407775574,0.00946130306075986,-5.855375770647267e-19,0.023066074803278613,0.02228787914669069,0.0009756119688972831,0.0009760720422491431,0.023065903120552463,0.022287777518471517,0.0008720019832253456,0.0008411919698119164,901,0.017220347165664753,0.01800561527994551,0.01725047863361853,0.017587551326472693,0.0,0.0,0.0,0.0,0.019264553098264966,0.02000187769598533,0.019302142154096043,0.019276855082505883,0.0,0.0,0.0,0.0,1.0,1.0,1.0,1.0,1.0,1.0,1.0,1.0
203,0.014229037954547727,0.014713235242403568,0.003116842731548498,0.9527585232863203,0.388399901567027,0.08620634827614891,0.008919504114220317,1.1317005533753456e-18,0.08918108174452978,0.009431548113057306,-2.6433881538694206e-19,0.023620938036675355,0.021457655067182255,0.0012694330653175712,0.0012009829515591264,0.0238276857978464,0.02279286886931419,0.0013664630241692066,0.0015480039874091744,1000,0.015643668453158083,0.016315462876175003,0.015743068864588233,0.015671332586119604,0.0,0.0,0.0,0.0,0.018972630291461127,0.019673876140474316,0.0189687555445614,0.018969775319648417,0.0,0.0,0.0,0.0,1.0,1.0,1.0,1.0,1.0,1.0,1.0,1.0
204,0.014243889233431156,0.014713481588333452,0.0031167932817905745,0.7440642188303173,0.33655726746656,0.08619561885746903,0.00891635951414944,0.0,0.0891674351775615,0.00942791474515845,-2.2282366247085535e-19,0.023646813240582962,0.021455685897477053,0.019935118965804577,0.0009263519896194339,0.023664011270635252,0.02145860480551423,0.0009813819779083133,0.0010353029938414693,1001,0.01564009402219867,0.01631134221223635,0.01573817369908447,0.015667252530868245,0.0,0.0,0.0,0.0,0.018947247180905544,0.019644635940315274,0.01893880959125796,0.018943075650565192,0.0,0.0,0.0,0.0,1.0,1.0,1.0,1.0,1.0,1.0,1.0,1.0
205,0.014243428537442118,0.01488912157036673,0.0031121205668894853,0.7767548116389662,0.34717684308998287,0.08652108353293246,0.008914050123533667,9.382591322239773e-19,0.08984129007821127,0.009475426247482722,-5.155145634044121e-19,0.02385983487555328,0.021479307825371573,0.0012328230077400804,0.0011210729135200381,0.02390196814068135,0.021458925785356284,0.0010828030062839389,0.0010285829193890095,1100,0.015685288019276614,0.016348587145226644,0.01580319564657433,0.01571540868020038,0.0,0.0,0.0,0.0,0.018903516489576586,0.019578121233569404,0.01888422382701513,0.018894281487298655,0.0,0.0,0.0,0.0,1.0,1.0,1.0,1.0,1.0,1.0,1.0,1.0
206,0.014240238747226054,0.01486526075395546,0.0031120754836181375,1.0059914040612057,0.35286695463582873,0.08651105115379558,0.008911320175298307,4.904304292502354e-06,0.08983331230554994,0.009472982889619041,-1.989430919452116e-19,0.023848476497208237,0.021483195251425263,0.001253423048183322,0.0010578329674899578,0.023848290236820974,0.02147022722862401,0.0011085220612585545,0.0009912230307236314,1101,0.015699322455846668,0.01636578568145979,0.015823637799430027,0.015731108657983658,0.0,0.0,0.0,0.0,0.01890377506011527,0.019578371815253546,0.018884536789394488,0.01889455410056552,0.0,0.0,0.0,0.0,1.0,1.0,1.0,1.0,1.0,1.0,1.0,1.0
207,0.014262662818747673,0.014700954949069863,0.0031077986769681735,1.1910934618208557,0.2561037541599944,0.08593906967036342,0.008769538039993393,-4.4408920985006264e-20,0.08928474129293315,0.009336890673992009,2.4147350785597153e-19,0.023997687497471998,0.021386298826324864,0.0011619329452514648,0.0010906730312854052,0.02414656486638775,0.021371313524529215,0.0011063830461353064,0.008881382062099874,1200,0.01567235159976657,0.01635968942422572,0.015813013446480593,0.01573013721364092,0.0,0.0,0.0,0.0,0.018725988352191816,0.019378700496833764,0.018678513375683704,0.018710448006014083,0.0,0.0,0.0,0.0,1.0,1.0,1.0,1.0,1.0,1.0,1.0,1.0
208,0.01425987237268025,0.01469797273350545,0.003107757256494599,1.0838414948666468,0.4518772166920826,0.08597842318821776,0.008777410027711935,-2.093870862290151e-19,0.08932003894399979,0.009343513830004167,2.2186711123604247e-20,0.02398727340989571,0.021378067216232095,0.0014880630187690258,0.001030943007208407,0.023987115115019234,0.021377972826009263,0.001243702950887382,0.0010345620103180408,1201,0.01567257287978515,0.016359858576050747,0.015813201436816925,0.0157303197518765,0.0,0.0,0.0,0.0,0.018726217318999146,0.019378917141569096,0.01867879212190978,0.018710689314769848,0.0,0.0,0.0,0.0,1.0,1.0,1.0,1.0,1.0,1.0,1.0,1.0
209,0.014575892695595161,0.015278791296891608,0.0031038149087752563,1.2799597227713093,0.6696782761719078,0.08638418154904291,0.008897481068088277,-4.2275853599731076e-19,0.08980754368648904,0.009480142765412647,-1.5455101190600775e-18,0.02339735018494317,0.021782046579927862,0.0013289829948917031,0.0012465129839256406,0.024536919403937638,0.02190805994897404,0.0010896329768002033,0.0011018930235877633,1300,0.015476413785023112,0.016207020376574056,0.01579463851897503,0.01577707781038891,0.0,0.0,0.0,0.0,0.017125135494078757,0.017835630347883304,0.01711899237710926,0.01743901559231549,0.0,0.0,0.0,0.0,1.0,1.0,1.0,1.0,1.0,1.0,1.0,1.0
210,0.01458240665578478,0.015282831648323815,0.0031037766044941456,1.2324282403569669,0.7024736863095313,0.08637691637959767,0.00889523773135674,-4.417060516180767e-19,0.0897969702652738,0.009477313768259462,-1.739538585551132e-18,0.023408834573001122,0.02178919100565372,0.0014557630056515336,0.0018335540080443025,0.023414989236748243,0.021794936401213886,0.0011385130928829312,0.0011686231009662151,1301,0.015472129600283978,0.01620050454400108,0.015789619600569797,0.015772724230703392,0.0,0.0,0.0,0.0,0.017120251228108757,0.017828687115930088,0.01711393465489787,0.017434195355172887,0.0,0.0,0.0,0.0,1.0,1.0,1.0,1.0,1.0,1.0,1.0,1.0
211,0.014468505318044106,0.015288571951773605,0.003100120519226136,1.9500017539830878,0.3709572023944929,0.08645694081612412,0.008863119827228932,1.2298591264166605e-18,0.08991355296425922,0.009458305190219181,-1.948872098183599e-18,0.023257036150578683,0.021899881376284947,0.002343185944482684,0.0012020330177620053,0.02326997130377055,0.02179915062245584,0.0013190930476412177,0.007719749002717435,1400,0.015566232587568923,0.01632586745844651,0.015889962311506436,0.01587128828628806,0.0,0.0,0.0,0.0,0.01710094034385821,0.0178152908229992,0.017087809918496424,0.017410846766395656,0.0,0.0,0.0,0.0,1.0,1.0,1.0,1.0,1.0,1.0,1.0,1.0
212,0.014465965190935272,0.015285531166104947,0.0031000848981433894,0.8131582293426618,0.7074736853828654,0.0864662136115548,0.008863917713299542,1.0807650050193201e-18,0.08991962401157691,0.009458488246002568,-1.0012618271058414e-18,0.023248473557686562,0.02189233904571544,0.0014575240202248096,0.001247352920472622,0.023248439101963433,0.021892284072480162,0.0013667240273207426,0.006464025937020779,1401,0.015566362467153363,0.016325963070275035,0.015890102890072994,0.015871423451795427,0.0,0.0,0.0,0.0,0.01710100818832095,0.017815332595156486,0.017087921070747757,0.01741095284846203,0.0,0.0,0.0,0.0,1.0,1.0,1.0,1.0,1.0,1.0,1.0,1.0
213,0.01441627740534436,0.015253172688185254,0.0030966765786145105,1.4346270452952012,0.5516550673637539,0.08643681306820511,0.008824380801513362,-3.438888806669955e-06,0.09000682272400895,0.00944370187599527,-1.0032017779217486e-18,0.023283729190788992,0.021820331823240217,0.0014715329743921757,0.0013895329320803285,0.02335984467639307,0.021887884839439604,0.0013830229872837663,0.0013593430630862713,1500,0.01549480271146245,0.016240081764612672,0.01581180715491657,0.0157884025981171,0.0,0.0,0.0,0.0,0.017024216924126905,0.017724969630214082,0.017009898638398427,0.01733440956109147,0.0,0.0,0.0,0.0,1.0,1.0,1.0,1.0,1.0,1.0,1.0,1.0
214,0.014414014930218745,0.015256478116360956,0.0030966432919323373,0.8884098724229261,0.2935255956836045,0.08642928778835761,0.008822113652057097,1.2414848860955873e-19,0.08999413680687644,0.009440777871865709,-3.411287299632019e-19,0.02327576568733969,0.021808797476453853,0.0013399329036474228,0.0012907430063933134,0.023275749473320943,0.021813341077157603,0.0012487340718507767,0.001280633034184575,1501,0.01549059616104576,0.01623449610406706,0.015806911379807213,0.01578427394068939,0.0,0.0,0.0,0.0,0.017024258267797503,0.017724989200355982,0.017009973326478023,0.01733448560388656,0.0,0.0,0.0,0.0,1.0,1.0,1.0,1.0,1.0,1.0,1.0,1.0
215,0.014152206693548611,0.01506045508408886,0.0030934515037607337,1.373297980055213,0.5211619881447405,0.08667189059018085,0.00885431705558487,1.2447955124585088e-18,0.0903100484353712,0.009491579213369534,4.8361987815110984e-20,0.02304480754748666,0.021786353576992448,0.0016430841060355306,0.0013550029834732413,0.02313237784389826,0.021736013267768944,0.0016130439471453428,0.0012973831035196781,1600,0.015551236420176787,0.016304690193209945,0.015870264424707493,0.01584768735665453,0.0,0.0,0.0,0.0,0.016925964085771017,0.01762530606306809,0.0169045364278411,0.01724033959425484,0.0,0.0,0.0,0.0,1.0,1.0,1.0,1.0,1.0,1.0,1.0,1.0
216,0.014147503022498543,0.01505513713662817,0.003093420266398524,0.6831472244812176,0.544551107333973,0.0866502029634082,0.008850536043027324,-3.4463313150841474e-19,0.09028610360713105,0.009487424346009504,-1.2608529201527367e-19,0.02303878426474887,0.021781036420710602,0.019740668940357864,0.0013528139097616076,0.023037526469474327,0.02177975551821153,0.0015126329381018877,0.001620384049601853,1601,0.015552673748536345,0.01630675506526633,0.01587162122913919,0.015848771888474434,0.0,0.0,0.0,0.0,0.0169265297903942,0.017626802673059452,0.016904950770592352,0.01724071114227671,0.0,0.0,0.0,0.0,1.0,1.0,1.0,1.0,1.0,1.0,1.0,1.0
217,0.014022153619689358,0.014945682026037114,0.0030904193202423973,1.0894508655183017,0.5909420886309817,0.08647916299994131,0.008794023214695542,-4.554888212636245e-19,0.0901853194499269,0.00944613754580113,4.87705114388908e-19,0.022890099265829925,0.022921035057259714,0.001776025048457086,0.0018166640074923635,0.022861194633564334,0.021634242446320825,0.0016709340270608664,0.014909846941009164,1700,0.016896110994738783,0.01764541951926998,0.016920364747694653,0.01726965905193133,0.0,0.0,0.0,0.0,0.01696542854300814,0.017662253566147763,0.016949443055496706,0.017282490382265515,0.0,0.0,0.0,0.0,1.0,1.0,1.0,1.0,1.0,1.0,1.0,1.0
218,0.014020404617690168,0.01494329566680614,0.00309038989622362,0.7368830548366532,0.23780449421610683,0.08648889843222156,0.008795026292828233,1.0674840350456936e-19,0.09010268912292627,0.009434886988447405,-4.656310872125067e-19,0.02288329285342932,0.0229141571044233,0.0015346130821853876,0.001421342953108251,0.022883285750868475,0.022914093938098203,0.0015201339265331626,0.0017452749889343977,1701,0.016896243248878364,0.017645512597585157,0.016920504147927465,0.0172697896818206,0.0,0.0,0.0,0.0,0.016965452505986817,0.01766226355075996,0.016949490466103483,0.017282541918701433,0.0,0.0,0.0,0.0,1.0,1.0,1.0,1.0,1.0,1.0,1.0,1.0
219,0.013888790967648654,0.014594981934809974,0.00308755840958953,0.5960892584407702,0.25603242963552475,0.08674795904130139,0.008954034628600817,7.914089803915812e-19,0.09054896055529914,0.009632892321637688,-8.547029450555999e-19,0.022713495382036503,0.02256375436575553,0.0016368139768019319,0.001647063996642828,0.02275994825128961,0.02278645005313813,0.0015196639578789473,0.0015141440089792013,1800,0.01666841050139694,0.017388903330673767,0.01667168802860526,0.017038439995497586,0.0,0.0,0.0,0.0,0.016915232293751747,0.01761043209399819,0.01690278549438774,0.017243379373656637,0.0,0.0,0.0,0.0,1.0,1.0,1.0,1.0,1.0,1.0,1.0,1.0
220,0.013887230012570263,0.014593125181889093,0.003087530601388318,0.7193918901029974,0.2722081523388624,0.08719975593090816,0.009179335881562332,-1.253949222505115e-18,0.09099870395948509,0.009857826822739103,-6.55558655562278e-19,0.02270717736786118,0.02255758525884008,0.001778353936970234,0.0015788039891049266,0.0227071659705446,0.022557610465352616,0.0017006240086629987,0.0016290140338242054,1801,0.016668229401027523,0.017388784972037864,0.016671540731805254,0.01703832145017882,0.0,0.0,0.0,0.0,0.01691527351183354,0.017610457598589264,0.016902848796508555,0.017243448058071716,0.0,0.0,0.0,0.0,1.0,1.0,1.0,1.0,1.0,1.0,1.0,1.0
221,0.0138517615691379,0.014578774571826856,0.0030848505876447966,0.6018294206587598,0.1632759579224512,0.08742448497697479,0.009273327350475152,-6.799696071658913e-06,0.09128627985646416,0.009982932110628397,-2.382353573674815e-18,0.02262429316404309,0.022469819386081336,0.0018715549958869815,0.0016070740530267358,0.02263569092878953,0.022474510576414045,0.0016715540550649166,0.0019147549755871296,1900,0.016647093038844707,0.017377359642494913,0.016651731893776153,0.017025332388680287,0.0,0.0,0.0,0.0,0.016889716431636843,0.01759745402205326,0.01687840555934274,0.017226254592377692,0.0,0.0,0.0,0.0,1.0,1.0,1.0,1.0,1.0,1.0,1.0,1.0
222,0.013849592353444549,0.014502207272281202,0.003084824228271341,0.9201867952942848,0.37004513305146247,0.08748092776104895,0.00928047147401988,-2.6553277192169765e-06,0.09135258928786594,0.00999854616335528,-4.579100923260152e-19,0.02261963249320177,0.022437227151267045,0.0019195450004190207,0.001970974961295724,0.02261831446155871,0.022464031975167005,0.001669183955527842,0.0020044349366798997,1901,0.016610950604862916,0.017340545946536567,0.016615719103340088,0.016993842512925475,0.0,0.0,0.0,0.0,0.01689022860270399,0.017598249548813366,0.016878632671958917,0.017225927738344908,0.0,0.0,0.0,0.0,1.0,1.0,1.0,1.0,1.0,1.0,1.0,1.0
223,0.01378580716300149,0.014397895105695752,0.0030822804143340286,1.0133032849989831,0.30552160216029733,0.08736494165702482,0.009218619554669204,-6.534830264990679e-19,0.09113745601614931,0.009921076283685548,1.7347234759768072e-19,0.022748378108751834,0.021226805752975128,0.0019210249884054065,0.0018399250693619251,0.022748614601229254,0.022546533383795524,0.0019139050273224711,0.00199997506570071,2000,0.015215754612181403,0.015929955890070163,0.015450127304974927,0.01551730432641727,0.0,0.0,0.0,0.0,0.016876633711564344,0.017593952221005772,0.016869638763510275,0.017219225648820138,0.0,0.0,0.0,0.0,1.0,1.0,1.0,1.0,1.0,1.0,1.0,1.0
224,0.01378156584558255,0.014396625310572862,0.0030822553613554958,0.592704487266019,0.25900893355719745,0.08735458842780712,0.009216264223866988,-6.842473388909005e-19,0.09112563587759881,0.009918507373255385,5.438455363496279e-19,0.02274387044383252,0.021222248460786523,0.0024345359997823834,0.001711633987724781,0.022742613763375694,0.021222206394175408,0.0017310240073129535,0.00184065499342978,2001,0.015215845961230249,0.015930023188353046,0.015450230781910854,0.015517405690100518,0.0,0.0,0.0,0.0,0.016877244896570835,0.01759524437715836,0.016870386687450084,0.017220122504067972,0.0,0.0,0.0,0.0,1.0,1.0,1.0,1.0,1.0,1.0,1.0,1.0
225,0.01398471306751166,0.014862830551961484,0.0030798346684704444,0.762946757604368,0.2731340591562912,0.08857036005473445,0.010096277924179714,-6.618603316910264e-06,0.09239135733094704,0.010765710463279845,-1.3345268043095995e-18,0.022735410130582955,0.021050096521035414,0.001842023921199143,0.0017591750947758555,0.022778841293807264,0.021257021707220613,0.0018290840089321136,0.002231215010397136,2100,0.01497028693820882,0.015651275397470167,0.015120343074114065,0.01525600885964975,0.0,0.0,0.0,0.0,0.016811903983619817,0.017542918470911148,0.0168044217896267,0.01716090161325571,0.0,0.0,0.0,0.0,1.0,1.0,1.0,1.0,1.0,1.0,1.0,1.0
226,0.013975351361434213,0.015181396077214072,0.0030798107994261183,0.7997663611313328,0.24704145453870296,0.08851153596398681,0.01008372193625468,8.794588333578373e-19,0.09238654191070216,0.010763796779924647,-2.0323120220648785e-18,0.022734407158274614,0.02093447854641306,0.001805835054256022,0.0021716650808230042,0.022729924438759673,0.021046233464469315,0.0022075059823691845,0.013333663111552596,2101,0.014879089628696872,0.01550911715319396,0.01497772392888632,0.015142456187822532,1.0,0.0,1.0,1.0,0.01681515089293534,0.017547652167009452,0.01680840678609981,0.017164783030917702,0.0,0.0,0.0,0.0,1.0,1.0,1.0,1.0,1.0,1.0,1.0,1.0
227,0.014015116520575747,0.015257017986319829,0.0030775019424127124,0.5837605030974373,0.2884102633688599,0.08843159196909113,0.010011607438137313,1.200043151270178e-18,0.09227351310972029,0.010688030714165476,-1.7115938296304497e-19,0.022769524611406647,0.020901296262779697,0.002358276047743857,0.0019418750889599323,0.02273464110559855,0.020913595332411203,0.00197741505689919,0.001965085044503212,2200,0.014899436996905421,0.015515439995983572,0.014988313396196466,0.015150625346980898,1.0,0.0,1.0,1.0,0.016866134273944712,0.017591963098637288,0.016855785283688994,0.01720635972190341,0.0,0.0,0.0,0.0,1.0,1.0,1.0,1.0,1.0,1.0,1.0,1.0
228,0.014013730055750032,0.015256193940224446,0.003077479151250767,0.7416728643001989,0.23994225217029452,0.08843123398112233,0.010010621760890945,-3.6863945808619647e-06,0.092277835357336,0.010687781773195976,-3.8224026836272606e-19,0.02276426663544799,0.02089797107603502,0.001856944989413023,0.002001464948989451,0.022764249028821813,0.020897964668618305,0.0019322950392961502,0.0018433950608596206,2201,0.01489948081482257,0.015515464962945105,0.014988364411031033,0.0151506758609976,1.0,0.0,1.0,1.0,0.01686619056618902,0.017592001897945464,0.016855859287671866,0.017206434739331485,0.0,0.0,0.0,0.0,1.0,1.0,1.0,1.0,1.0,1.0,1.0,1.0
229,0.01414917066341663,0.015248650002695981,0.0030752723251955836,0.72152839822229,0.4607002098346129,0.08870579206439315,0.010319317470585499,1.0452631668013442e-18,0.09406618965753459,0.011124951652498117,-1.5619893085816697e-18,0.022014017013618763,0.020940625353770226,0.0021285050315782428,0.008476731018163264,0.022835366261951432,0.020954965000638832,0.0019639249658212066,0.00213301507756114,2300,0.01491669741615417,0.01551025025994314,0.01501130122455766,0.015168019308351516,1.0,0.0,1.0,1.0,0.016091848474447026,0.01662370444715183,0.015958966497916685,0.01635623868141949,0.0,0.0,0.0,0.0,1.0,1.0,1.0,1.0,1.0,1.0,1.0,1.0
230,0.014148915443208917,0.015247902525689533,0.0030752505194700736,0.5386934725102037,0.2523356773890555,0.08870002799937537,0.01031752637301017,-6.080017627413395e-19,0.09405764731080983,0.011122511159318534,-1.7271603472533864e-18,0.02201041741513394,0.02093746713444204,0.0018825241131708026,0.002075975062325597,0.022010416476115277,0.020937456833841333,0.0021001449786126614,0.0018887449987232685,2301,0.014916720574440115,0.01551026780116242,0.01501132876340159,0.015168045599239236,1.0,0.0,1.0,1.0,0.016091849912780884,0.016623706051151512,0.0159589677398099,0.01635624002134609,0.0,0.0,0.0,0.0,1.0,1.0,1.0,1.0,1.0,1.0,1.0,1.0
231,0.01435599725089345,0.015377146399995599,0.003073137151935692,0.565080072847195,0.1956395156448707,0.0889856026152193,0.010330618217770387,1.35928272714057e-06,0.09424734382305129,0.011129350564562199,-1.207933979598544e-18,0.02228805787638799,0.02114280241184347,0.00231475499458611,0.002071644994430244,0.02230388276403382,0.021156412087822374,0.0019708449253812432,0.0031919180182740092,2400,0.014918809525526506,0.015487020184050763,0.01500745787564077,0.015159212693609234,1.0,0.0,1.0,1.0,0.016083732047584304,0.016601847802191316,0.01593981553405294,0.016338360080491124,0.0,0.0,0.0,0.0,1.0,1.0,1.0,1.0,1.0,1.0,1.0,1.0
232,0.014355763389803022,0.015376496510871918,0.003073116250577167,0.6502095351461321,0.28509636153467,0.08897491810122377,0.010328073489883757,1.055272420514655e-18,0.09423501773693772,0.011126496209426046,-1.061996154917666e-18,0.022284588869736745,0.02113980104254786,0.0020112349884584546,0.002145185018889606,0.022284587761022906,0.021139800193698377,0.002229226054623723,0.0025829270016402006,2401,0.01491880556557876,0.015487022259480367,0.015007458054574666,0.01515921929338297,1.0,0.0,1.0,1.0,0.016083733074927366,0.01660184887859986,0.01593981641550171,0.016338361139556536,0.0,0.0,0.0,0.0,1.0,1.0,1.0,1.0,1.0,1.0,1.0,1.0
233,0.014364758769706129,0.015433302105453364,0.0030710888035508153,0.6222674511373043,0.5625432110391557,0.0889658810088805,0.010277803138625955,-1.5170326868346195e-19,0.09427356709009992,0.011112470952873292,-1.7915271662685966e-18,0.022286732436098695,0.021183411342030885,0.004000550019554794,0.0021396849770098925,0.02229965019113298,0.02118270350599502,0.0019985249964520335,0.0019082839135080576,2500,0.014912090587174538,0.015477773087523938,0.014993213313790473,0.015149345819701525,1.0,0.0,1.0,1.0,0.016063630467356187,0.0165870389607321,0.01592551847348847,0.016327465061094292,0.0,0.0,0.0,0.0,1.0,1.0,1.0,1.0,1.0,1.0,1.0,1.0
234,0.014348827014103551,0.015432712650153836,0.003071068735075297,0.47738054976798594,0.3239882290363312,0.08895635239825583,0.010275402535919135,-5.017807196935708e-06,0.09426272522098392,0.01111006849060392,-1.1740494242547853e-18,0.022285158372062595,0.021180569073248532,0.0022753459634259343,0.004664281033910811,0.022283410381968904,0.02118056779018588,0.0020797959296032786,0.002211324987001717,2501,0.014912091712787753,0.015477777219840384,0.014993217602728563,0.015149355213992105,1.0,0.0,1.0,1.0,0.01606593489516098,0.016589540869224075,0.015928472421622628,0.016329936129301927,0.0,0.0,0.0,0.0,1.0,1.0,1.0,1.0,1.0,1.0,1.0,1.0
235,0.014541165839592087,0.015660960196868835,0.0030691205451419947,0.5877242648275569,0.3724118984537199,0.08889900282607832,0.010249867522532596,-4.014107313602643e-06,0.09411434053535017,0.01103977259836438,-3.3476890023190156e-18,0.022489432700011528,0.02137745775438215,0.0024726659758016467,0.0020555449882522225,0.02249870758500538,0.021370754633417442,0.002232355996966362,0.0020344649674370885,2600,0.01510295153656465,0.015524436820407331,0.014990339835204376,0.015056527573314205,1.0,1.0,1.0,1.0,0.01605828626323922,0.016576468190624978,0.015911273397731157,0.01631064235875413,0.0,0.0,0.0,0.0,1.0,1.0,1.0,1.0,1.0,1.0,1.0,1.0
236,0.014541273661573526,0.015668295508104467,0.0030691012461988264,0.6912317140959203,0.3185056410729885,0.08889093428903602,0.01024743146827412,-7.782843664075567e-06,0.09410355822548835,0.011037350215827565,-2.9668940928249128e-18,0.022487208025073497,0.02137460228984892,0.002305945963598788,0.0019835239509120584,0.02248679910976986,0.021374716679502505,0.002121155965141952,0.002045035012997687,2601,0.015106344894207339,0.015525384938919987,0.014990709390096137,0.015056366644377813,1.0,1.0,1.0,1.0,0.01605944484150471,0.01657709006155639,0.01591164844413092,0.016310964193629828,0.0,0.0,0.0,0.0,1.0,1.0,1.0,1.0,1.0,1.0,1.0,1.0
237,0.01456271969839835,0.01573874831448895,0.0030672263944178783,0.5909110523061827,0.4250717799877748,0.08885325364977865,0.010204793978389531,-6.71684216904604e-06,0.094053526493049,0.011006584401225504,-4.725071344292463e-18,0.02249818746502882,0.02137152542747711,0.002407135907560587,0.0026813670992851257,0.022495888289342503,0.021372189034880074,0.002278494997881353,0.002759617054834962,2700,0.015117851025151872,0.015521587099247796,0.014989954554525611,0.015052378739040785,1.0,1.0,1.0,1.0,0.016074216571694142,0.016583275022493425,0.01591701960271106,0.01631511742781248,0.0,0.0,0.0,0.0,1.0,1.0,1.0,1.0,1.0,1.0,1.0,1.0
238,0.014562504969719156,0.01575565234518531,0.003067207808602358,0.7083304551197216,0.5298699233680964,0.08885103698827242,0.010203376507857746,-4.718625034990777e-06,0.09404911765766508,0.01100506431760346,-4.0746453729164426e-18,0.022495088443957634,0.02137140073156135,0.0022529950365424156,0.002288765972480178,0.022495088162123887,0.021368938262271105,0.002393685979768634,0.002768276957795024,2701,0.015120812141573832,0.015523699806067213,0.014989540497698985,0.015053794661033317,1.0,1.0,1.0,1.0,0.016074219176730922,0.016583276756258897,0.01591702068472216,0.01631511920843586,0.0,0.0,0.0,0.0,1.0,1.0,1.0,1.0,1.0,1.0,1.0,1.0
239,0.01450582906783607,0.01574990943197846,0.00306540101370236,0.5956844426691532,0.3448841691715643,0.08878864771285568,0.010143138704475533,8.749701742865475e-19,0.09400968343526374,0.01096298185712428,-1.95696590024559e-18,0.022510980077560937,0.02138005488553563,0.0023372359573841095,0.002189515042118728,0.022506672446045276,0.021386385163043704,0.0026341360062360764,0.0023767760721966624,2800,0.015101468580964525,0.015517743763894603,0.014977085231036429,0.015045222308750463,1.0,1.0,1.0,1.0,0.01607814420159048,0.01658742841220787,0.015927642968859502,0.016324277512632854,0.0,0.0,0.0,0.0,1.0,1.0,1.0,1.0,1.0,1.0,1.0,1.0
240,0.014505635945374526,0.015749366619643487,0.0030653830905772736,0.6986606878926978,0.324157064082101,0.08878100136430438,0.010141145075780749,8.087973274086885e-19,0.09400301077310397,0.010961152303371377,-2.51697667443443e-18,0.02250797585858086,0.021377538131010093,0.002581415930762887,0.0025025770300999284,0.022507979109103293,0.02137753723878441,0.0025904469657689333,0.0023188949562609196,2801,0.015101469443270949,0.015517746431750013,0.014977086803838054,0.015045228097702434,1.0,1.0,1.0,1.0,0.01607814123973144,0.01658742629473827,0.015927637365262808,0.016324274040413592,0.0,0.0,0.0,0.0,1.0,1.0,1.0,1.0,1.0,1.0,1.0,1.0
241,0.014490275754869128,0.015736128492776565,0.0030636396206303266,0.6352181185502559,0.25472404761239886,0.08908900954798664,0.010223249178052056,1.2881056861448122e-18,0.09424979979146274,0.011056018987138984,-4.269624907863933e-18,0.02254943736835187,0.02145205657460795,0.00264633703045547,0.0024475959362462163,0.022542538457198245,0.021446483486277458,0.002740327036008239,0.002970946952700615,2900,0.015107610145971766,0.015525775885951956,0.01498384183583841,0.015055402204989127,1.0,1.0,1.0,1.0,0.01608463050195132,0.01659471102916837,0.01594188869500216,0.016336143007484566,0.0,0.0,0.0,0.0,1.0,1.0,1.0,1.0,1.0,1.0,1.0,1.0
242,0.014490078695464571,0.01573559963157138,0.003063622314913798,0.44469831860624254,0.36590408254414797,0.0890778368781423,0.010220846157917362,6.0334693583724e-19,0.0942398093280487,0.01105373102364108,-4.1481112193257675e-18,0.022546505093597034,0.021449590386477035,0.002483707037754357,0.002514066989533603,0.022546509316269645,0.021449590748410442,0.0027393869822844863,0.003821039106696844,2901,0.01510760797879081,0.015525777541095256,0.01498383962053288,0.01505540537957196,1.0,1.0,1.0,1.0,0.01608462507646591,0.01659470725720426,0.015941879763886325,0.01633613648885688,0.0,0.0,0.0,0.0,1.0,1.0,1.0,1.0,1.0,1.0,1.0,1.0
243,0.014494591485535939,0.015805221187305398,0.0030619379137818625,0.39226474228780717,0.49037670507095754,0.08897334132412803,0.010156193190857024,-3.0007099212240832e-06,0.09411310635077738,0.01099795178490198,-3.940381718546662e-18,0.02262451790851395,0.02152114876221637,0.002602356020361185,0.002983667072840035,0.022629145462439604,0.021519689025607133,0.0026498460210859776,0.0024974759435281157,3000,0.015117350131182214,0.015531794780566112,0.01498609874495452,0.015055764149638388,1.0,1.0,1.0,1.0,0.01608132178118896,0.01659066634492714,0.015932923829677457,0.01632880426200452,0.0,0.0,0.0,0.0,1.0,1.0,1.0,1.0,1.0,1.0,1.0,1.0
244,0.013581322284283482,0.013847091345538725,0.002810639128208335,0.780923702637665,1.702022470999509,0.07306472977260152,0.006206664821313844,-8.673617379884035e-19,0.07145343116107161,0.005574553687655554,5.377642775528102e-19,0.01845560326861636,0.021811226750808793,0.0001948400167748332,0.0002141909208148718,0.0,0.0,0.0002823909744620323,0.00026912102475762367,0,0.018586344935894047,0.018764206231955318,0.01879756398577365,0.017841643777095174,0.0,0.0,0.0,0.0,0.024195801913600937,0.025087155254260512,0.02463332105331989,0.024400697895375495,0.0,0.0,0.0,0.0,0.0,0.0,0.0,0.0,1.0,1.0,1.0,1.0
245,0.013578198675607368,0.013845031764454691,0.00280971164728608,0.6023724862607196,1.196913729654625,0.0729794783795363,0.006182703336577575,-3.4014185803466805e-20,0.07146436572263844,0.005571751201486108,-2.8912057932946783e-19,0.018356600246700296,0.021643671755358636,0.001105422037653625,0.00026716000866144896,0.01835725037523947,0.021652974879129816,0.00029535102657973766,0.0002586010377854109,1,0.01859326652025094,0.0187718118955579,0.01880447681764985,0.01784761736507296,0.0,0.0,0.0,0.0,0.02415808183578421,0.025043923176835837,0.024592932600947227,0.024360162051146005,0.0,0.0,0.0,0.0,0.0,0.0,0.0,0.0,1.0,1.0,1.0,1.0
246,0.014796859252180754,0.014345740895414894,0.0027596440400995755,0.6439026382286102,0.21181608724873513,0.08109130850047472,0.0075709719800685,-4.625929269271486e-20,0.08180657396905178,0.007565340944866318,-5.840235702455251e-19,0.021924113978124632,0.020274676108486774,0.00026623101439327,0.0002894109347835183,0.025355967327849036,0.02319769737186956,0.0002925210865214467,0.0003022609744220972,100,0.0167015343948463,0.01729450072985721,0.017142217887776482,0.016885246251891334,0.0,0.0,0.0,0.0,0.019423126611822484,0.02082097628059982,0.02024115366466152,0.020234610612161263,0.0,0.0,0.0,0.0,1.0,1.0,1.0,1.0,1.0,1.0,1.0,1.0
247,0.014778825981343363,0.014345039133103176,0.0027593384474757015,0.6617019718978554,0.14621522510424256,0.08092105842913964,0.007541297596747287,7.352470361756004e-19,0.08163418748846342,0.007536497921082557,-1.3527396642137023e-18,0.020989252042306634,0.02023472218834743,0.00027043104637414217,0.00037674105260521173,0.021859432973416602,0.020234707226203453,0.0003002010053023696,0.0005915620131418109,101,0.01670153229680383,0.017294491157091314,0.017142224691598235,0.016885246734202657,0.0,0.0,0.0,0.0,0.017709720657099075,0.019020556522267487,0.017938575914964203,0.018111694952920983,0.0,0.0,0.0,0.0,1.0,1.0,1.0,1.0,1.0,1.0,1.0,1.0
248,0.013861508032693613,0.014492182409848627,0.0027362488239111244,1.2744276660960168,0.40269556327257305,0.08391227247472473,0.008079375529748224,-2.3071822230491536e-19,0.08530388589162693,0.008331719110705425,-3.191891195797325e-19,0.020045698475341753,0.01873188792578574,0.00036718102637678385,0.0005304019432514906,0.02242368917112619,0.020800445240032925,0.000761062023229897,0.0003806209424510598,200,0.015207082755266445,0.015837523179670555,0.01546591357456402,0.015414540720388902,0.0,0.0,0.0,0.0,0.016222394022167894,0.0173579607507076,0.01649458860903302,0.016616241127841592,0.0,0.0,0.0,0.0,1.0,1.0,1.0,1.0,1.0,1.0,1.0,1.0
249,0.014124847136626335,0.014705926207543846,0.002736066777242246,1.3567917826585472,0.8573824769118801,0.08395549410215589,0.008086151111901156,-3.1100620087233596e-20,0.08534640640474334,0.008337984918341894,3.3865119650543245e-19,0.02035099184038553,0.018958612731581653,0.00042234105058014393,0.000358890974894166,0.020286962229192414,0.01893388329605178,0.00036250101402401924,0.0004511210136115551,201,0.015255127245838176,0.01588665541836367,0.015522063894646162,0.015480718550152732,0.0,0.0,0.0,0.0,0.016228549613218766,0.017368039556518743,0.016500956595527562,0.016623283192579153,0.0,0.0,0.0,0.0,1.0,1.0,1.0,1.0,1.0,1.0,1.0,1.0
250,0.013125304282330925,0.013861299278026271,0.00272094723930281,0.7906603910960257,0.32387883902993053,0.08371583256093164,0.008064231807797435,-6.443258625056712e-20,0.08590402368723891,0.008455325489879956,-3.0481569649306753e-19,0.019926640727248368,0.018219358997341454,0.0004421210614964366,0.00040894094854593277,0.019513702887694506,0.018336318233177794,0.000535561004653573,0.0006113209528848529,300,0.015874624260385523,0.01697131501474688,0.016360945127742367,0.01628904859672305,0.0,0.0,0.0,0.0,0.017263905969187816,0.018132292720414556,0.017772130256026565,0.01721476126091416,0.0,0.0,0.0,0.0,1.0,1.0,1.0,1.0,1.0,1.0,1.0,1.0
251,0.01311574397320652,0.013833393562064013,0.0027208178582094236,1.0736814124975353,0.28830661077518016,0.08375255233845125,0.008066914307506822,-1.9027593682366688e-19,0.08592663123335101,0.0084550837731434,1.4826696375870148e-20,0.019896031444066535,0.018217249520040932,0.00039181101601570845,0.00047420093324035406,0.01990180692611941,0.01819995051538007,0.000438620918430388,0.02293135691434145,301,0.01588851646511441,0.016983997715148864,0.01637720533731053,0.01630140254640202,0.0,0.0,0.0,0.0,0.017272545039946498,0.018138966345502886,0.017781373439180046,0.01722302314324397,0.0,0.0,0.0,0.0,1.0,1.0,1.0,1.0,1.0,1.0,1.0,1.0
252,0.01286598555390382,0.013991534872796776,0.0027095741860363822,2.0732261585071683,1.1614189863903448,0.08449775848209007,0.00841701270735273,-6.909981845974281e-19,0.08637300073851861,0.008780004648722707,-8.943463253924872e-19,0.021345290790739047,0.018953938314752332,0.0005287909880280495,0.0006582220084965229,0.019944142542765532,0.01863246006133836,0.0005154809914529324,0.0005086519522592425,400,0.016186799147954824,0.01680193830223249,0.016428307670865717,0.015998455822722274,0.0,0.0,0.0,0.0,0.018092548815604778,0.01872459026839875,0.01822141840878969,0.01789871756792565,0.0,0.0,0.0,0.0,1.0,1.0,1.0,1.0,1.0,1.0,1.0,1.0
253,0.012857131477368614,0.013984100680171417,0.002709473944631366,1.137643675552681,0.6228239320917055,0.08445472180922234,0.008407635278551186,2.7886352995192577e-19,0.08636718768081425,0.008775769759569719,-1.0039087078269327e-18,0.02131792778938131,0.018935459259303754,0.0005605720216408372,0.0005982420407235622,0.021317636260484198,0.018935502310038693,0.0007013819413259625,0.0006087219808250666,401,0.016187502023972514,0.01680275684963626,0.016428940970322336,0.01599918598996362,0.0,0.0,0.0,0.0,0.01809295653253484,0.01872484522396994,0.018222101246313575,0.017899260203299506,0.0,0.0,0.0,0.0,1.0,1.0,1.0,1.0,1.0,1.0,1.0,1.0
254,0.012871584440824008,0.01428458772811687,0.002700527121204198,0.4346751356497407,0.9192980133229867,0.08408394306588504,0.008298080453383799,-1.8608851833205748e-19,0.08608457269222113,0.008629924965723457,-7.658409891102154e-19,0.023504039814138605,0.01974156689099162,0.0006742019904777408,0.0006771410116925836,0.022084080358910338,0.019950740527317257,0.0006246119737625122,0.0006322319386526942,500,0.015966053097674005,0.01658799764822422,0.016101860511199464,0.015965483672770456,0.0,0.0,0.0,0.0,0.019206963509208193,0.01987184001106979,0.019231274110382505,0.019204261045968177,0.0,0.0,0.0,0.0,1.0,1.0,1.0,1.0,1.0,1.0,1.0,1.0
255,0.012865703300313686,0.014282504798315413,0.002700445362591292,0.47407039743848145,0.9834723352687433,0.0840912499730541,0.008298271218951688,-4.155780378020663e-19,0.08610163177811293,0.008630675149628711,-5.352141395935702e-19,0.023478828478785366,0.01972947626252,0.0005820218939334154,0.0006832419894635677,0.02347886207593032,0.01972958020582402,0.0006224409444257617,0.000593840959481895,501,0.015965379850187107,0.016586992934640454,0.016100956381638824,0.015964406112733753,0.0,0.0,0.0,0.0,0.019206931060172943,0.0198718083394724,0.01923123511656861,0.019204244223972586,0.0,0.0,0.0,0.0,1.0,1.0,1.0,1.0,1.0,1.0,1.0,1.0
256,0.012811558970061553,0.014273010857516165,0.002693018677250881,0.6974993145558983,1.3326166343176737,0.08387665429094932,0.0081691528999944,-3.656263326289578e-19,0.08589440574249868,0.008490745728266445,5.177482374453855e-19,0.02293929196694682,0.019647283299091926,0.0007949220016598701,0.0006398219848051667,0.022638664973282076,0.019401275920383362,0.000627550994977355,0.0007088109850883484,600,0.0164623226912085,0.017464276097115407,0.016512228764800862,0.016809174433611223,0.0,0.0,0.0,0.0,0.019458127247426116,0.020101504376865628,0.019541207582397982,0.019467846728326955,0.0,0.0,0.0,0.0,1.0,1.0,1.0,1.0,1.0,1.0,1.0,1.0
257,0.01280668746156375,0.014269936974139686,0.0026929496794361606,0.5076524704927579,1.1559980147285387,0.08386896224512953,0.00816393969320931,-2.3782499267423966e-19,0.08586449859977811,0.008485154765595257,3.357529308342207e-19,0.02291968056452939,0.019636817027014274,0.0006690620211884379,0.0006922519532963634,0.022918863765963738,0.019635954835568264,0.0006453309906646609,0.0008180619915947318,601,0.016462359079208757,0.017463879375771044,0.016512064003886575,0.016809012473483407,0.0,0.0,0.0,0.0,0.01945877708477185,0.0201021438744282,0.019541996362983725,0.01946854726927656,0.0,0.0,0.0,0.0,1.0,1.0,1.0,1.0,1.0,1.0,1.0,1.0
258,0.012509387491623896,0.013921940297855652,0.002686603443092781,0.33260354632511735,0.7380577306030318,0.08435446714995215,0.008283306747235203,8.557969148152248e-20,0.0863605127431476,0.008599560349419605,-4.059252933785729e-19,0.02255815275495622,0.02046824691164869,0.0010838729795068502,0.0007030119886621833,0.022467207325702475,0.01944683527861725,0.0007180019747465849,0.0007124919211491942,700,0.017141736765784593,0.017562657913078053,0.01720858801594169,0.016982482683084384,0.0,0.0,0.0,0.0,0.019585508724222364,0.020253134896581666,0.01969151868099425,0.019600906948115924,0.0,0.0,0.0,0.0,1.0,1.0,1.0,1.0,1.0,1.0,1.0,1.0
259,0.01250529996706651,0.0139173786428433,0.002686543781222705,0.2006307728588581,0.856123324483633,0.08433767636679765,0.008279170628729335,3.2569375514344845e-19,0.08634671578645493,0.008595967208154483,-6.12119468886623e-20,0.022541421697192216,0.02045511227745318,0.0007147019496187568,0.0007698320550844073,0.02254068506725142,0.02045496844554684,0.0007650320185348392,0.0008471719920635223,701,0.017141840583571367,0.017562798704298496,0.01720864700844025,0.016982608135174795,0.0,0.0,0.0,0.0,0.019586241026901107,0.02025386452129231,0.019692393913954415,0.01960169713710061,0.0,0.0,0.0,0.0,1.0,1.0,1.0,1.0,1.0,1.0,1.0,1.0
260,0.012524424103981704,0.01358098360311988,0.0026810048890480364,0.0946083168964833,0.28226676245685667,0.0856201477560859,0.008645283446428481,-1.224510688924805e-19,0.0879832493450627,0.00914933544634197,7.540944992628591e-19,0.022536909812377437,0.020266275117196187,0.001014653011225164,0.0009283919353038073,0.022274834761688567,0.020283057066652864,0.0009940520394593477,0.0009009820641949773,800,0.015788290903259904,0.016475474224460454,0.016128608916663838,0.016038947141244903,0.0,0.0,0.0,0.0,0.019821807169517012,0.020545676512663952,0.019972123778942127,0.019850349710788133,0.0,0.0,0.0,0.0,1.0,1.0,1.0,1.0,1.0,1.0,1.0,1.0
261,0.01246711420692816,0.013563086925821644,0.0026809523517380388,0.118606130592525,0.26669323397800326,0.08561486144829246,0.008642883803666804,-3.628446283476753e-19,0.08797961644794171,0.009147876511267566,5.717860575928253e-19,0.02258906698339464,0.02026477267686677,0.0008122019935399294,0.0007702920120209455,0.022521001629673517,0.02025390270022554,0.0007438309257850051,0.0008019920205697417,801,0.015800899994189488,0.01649093237609056,0.016144487780191612,0.016052250304009325,0.0,0.0,0.0,0.0,0.01988872987425362,0.02062643976636936,0.02005360593301921,0.01992236674578362,0.0,0.0,0.0,0.0,1.0,1.0,1.0,1.0,1.0,1.0,1.0,1.0
262,0.012768877997855052,0.013560429600944493,0.00267603955155146,0.6019762437790632,0.33374733687378466,0.08627297285260804,0.00897977441393074,5.478074134663601e-21,0.0892278634261526,0.00946582511506446,-6.701510691405139e-19,0.022045025059227022,0.02128102798460931,0.001291683060117066,0.0011262830812484026,0.02268324401062336,0.0201829622703028,0.0008943019201979041,0.0008093719370663166,900,0.01716003431136626,0.01795908612081987,0.01718674566592395,0.01753161690755725,0.0,0.0,0.0,0.0,0.019206149787294086,0.019946871179861905,0.019234354508223514,0.019217256457745094,0.0,0.0,0.0,0.0,1.0,1.0,1.0,1.0,1.0,1.0,1.0,1.0
263,0.01276505461458682,0.013556046126114435,0.002675992628592722,0.46137399692088366,0.3199808393837884,0.08626326824387616,0.008976550056698116,4.496417842568696e-19,0.08920713407775574,0.00946130306075986,-6.165473552893384e-19,0.022031646082514705,0.021268630176535772,0.0008798519847914577,0.0008387420093640685,0.02203144761341249,0.021268526043978102,0.0010364219779148698,0.000883733038790524,901,0.017160408527605704,0.0179593708261717,0.017187174896300162,0.01753197812207044,0.0,0.0,0.0,0.0,0.019206432030623454,0.01994713571766086,0.01923471535756964,0.01921755569157862,0.0,0.0,0.0,0.0,1.0,1.0,1.0,1.0,1.0,1.0,1.0,1.0
264,0.013223620049968814,0.013698890225868378,0.002671579484184427,0.670073754969053,0.1757983413990587,0.08620634827614891,0.008919504114220317,1.099484260250062e-18,0.08918108174452978,0.009431548113057306,-4.625929269271486e-19,0.02257786675228398,0.020472139176655715,0.009975804947316647,0.0009459319990128279,0.022787380224677904,0.021761322430161892,0.0009938619332388043,0.0008855919586494565,1000,0.015610200883448855,0.016314455126186306,0.015707145539088332,0.015653191388199397,0.0,0.0,0.0,0.0,0.018900670186957264,0.01960759643861693,0.018888900025502635,0.01889784182862966,0.0,0.0,0.0,0.0,1.0,1.0,1.0,1.0,1.0,1.0,1.0,1.0
265,0.013238185317538509,0.013699084115523117,0.0026715370986776354,0.6234730078140274,0.1717416609171778,0.08619561885746903,0.00891635951414944,-9.820746605196958e-20,0.0891674351775615,0.00942791474515845,-7.75756454528163e-20,0.022602963009867243,0.020469886177145638,0.001080392044968903,0.0010611419565975666,0.0226200773696106,0.020472840565684748,0.001312752952799201,0.0009778429521247745,1001,0.015606584134064879,0.01631035064582663,0.015702214983384637,0.015649180905740977,0.0,0.0,0.0,0.0,0.01887456843299659,0.01957783672834156,0.01885794703581522,0.018870375362024423,0.0,0.0,0.0,0.0,1.0,1.0,1.0,1.0,1.0,1.0,1.0,1.0
266,0.01324139446790317,0.013879266832024454,0.0026675319144767017,0.8096100825350732,0.23974823369644582,0.08652108353293246,0.008914050123533667,7.150077631417449e-19,0.08984129007821127,0.009475426247482722,-5.313533429676785e-19,0.022818773618888625,0.0204874488326374,0.0011332420399412513,0.0009619629709050059,0.022856548817748894,0.02047312991436416,0.0010520030045881867,0.0011688428930938244,1100,0.01564996352389612,0.016343179538743213,0.015766200272500034,0.01569477890333039,0.0,0.0,0.0,0.0,0.01883810790323644,0.019515435633223457,0.018810276234009136,0.018827976762468817,0.0,0.0,0.0,0.0,1.0,1.0,1.0,1.0,1.0,1.0,1.0,1.0
267,0.013238230192193244,0.013855467388469468,0.002667493271672689,0.4883767800638452,0.29614843404851854,0.08651105115379558,0.008911320175298307,4.885066230587032e-06,0.08983331230554994,0.009472982889619041,-2.6676460056289735e-19,0.022807494790445013,0.0204907446999832,0.0012027129996567965,0.0012146829394623637,0.022807288408763143,0.020478381389766,0.001084072981029749,0.00107279303483665,1101,0.01566367955251846,0.01635985688861038,0.015786181068553628,0.015710072753560504,0.0,0.0,0.0,0.0,0.01883840309225544,0.01951571747057847,0.01881063563403572,0.01882829540691159,0.0,0.0,0.0,0.0,1.0,1.0,1.0,1.0,1.0,1.0,1.0,1.0
268,0.013259507386664086,0.013688696631305702,0.002663827437401292,0.6822640508180484,0.15500077058095485,0.08593906967036342,0.008769538039993393,2.0122792321330963e-19,0.08928474129293315,0.009336890673992009,3.4694469519536144e-19,0.022953078879262078,0.020403398225355716,0.0011916229268535972,0.001263212994672358,0.02310394487125056,0.020380004328334776,0.0010980530641973019,0.0011969030601903796,1200,0.015634021886219634,0.016356125811414168,0.01577544214875824,0.015714950961489404,0.0,0.0,0.0,0.0,0.018654117774310565,0.019310795201771314,0.018596793019949976,0.018637763208225053,0.0,0.0,0.0,0.0,1.0,1.0,1.0,1.0,1.0,1.0,1.0,1.0
269,0.01325674159916214,0.013685743246847203,0.0026637919341382277,0.6526908359955996,0.27842153375968337,0.08597842318821776,0.008777410027711935,-6.656013337081274e-20,0.08932003894399979,0.009343513830004167,-7.765348893261487e-20,0.022942740216815517,0.020395188418343514,0.0012525130296126008,0.0013357329880818725,0.02294256441454012,0.020395077392269513,0.0012450629146769643,0.0010274830274283886,1201,0.01563426928064133,0.01635631245503294,0.01577565409578149,0.0157151431700487,0.0,0.0,0.0,0.0,0.018654373311457206,0.019311033614258052,0.018597106042455798,0.018638038403952638,0.0,0.0,0.0,0.0,1.0,1.0,1.0,1.0,1.0,1.0,1.0,1.0
270,0.013578283503112624,0.01427100685913043,0.00266041277895022,1.1688315330538899,0.3259827814763412,0.08638418154904291,0.008897481068088277,-2.9040555968204324e-19,0.08980754368648904,0.009480142765412647,-1.794475062371564e-18,0.022378553414512215,0.020796156014753833,0.0014740939950570464,0.0013936529867351055,0.023497042253128292,0.02092728262564032,0.0011529329931363463,0.006306385970674455,1300,0.015448679559572409,0.016205921344473136,0.015762442343315905,0.01575509847894348,0.0,0.0,0.0,0.0,0.01708825673761074,0.01780874884965291,0.017078157702890607,0.017400755898838598,0.0,0.0,0.0,0.0,1.0,1.0,1.0,1.0,1.0,1.0,1.0,1.0
271,0.013584981400175201,0.014275230234686194,0.0026603799467092674,1.7958128170575947,0.7102759294211864,0.08637691637959767,0.00889523773135674,-5.033394541694362e-19,0.0897969702652738,0.009477313768259462,-1.480806697757404e-18,0.022390632615600516,0.020803287301481503,0.0012589229736477137,0.001137673039920628,0.02239670526821125,0.020809519738606515,0.0011154630919918418,0.001116512925364077,1301,0.015444235466272833,0.01619909682207055,0.015757410892436142,0.01575077202392539,0.0,0.0,0.0,0.0,0.017083475188165692,0.017801823971890188,0.017073337509608436,0.01739612697302435,0.0,0.0,0.0,0.0,1.0,1.0,1.0,1.0,1.0,1.0,1.0,1.0
272,0.013470483538502004,0.014280939713983865,0.002657246159336688,0.8179462380940095,0.3159753412473947,0.08645694081612412,0.008863119827228932,1.4475968316771976e-18,0.08991355296425922,0.009458305190219181,-1.6282473453823686e-18,0.022237302134883723,0.020922065167267336,0.001413353020325303,0.0012892729137092829,0.022252771566940638,0.020811243180176305,0.0014270730316638947,0.0012539229355752468,1400,0.015546703347533646,0.016333519306203744,0.015863563139930006,0.01585669652433123,0.0,0.0,0.0,0.0,0.017059993673144012,0.017785504718747108,0.01704197354296739,0.017368487994487803,0.0,0.0,0.0,0.0,1.0,1.0,1.0,1.0,1.0,1.0,1.0,1.0
273,0.013467965644370306,0.014277919979535186,0.0026572156269800483,1.1543496055528522,0.23367620119825006,0.0864662136115548,0.008863917713299542,1.2457490433961634e-18,0.08991962401157691,0.009458488246002568,-1.2254249227265522e-18,0.02222877566117179,0.020914513391169634,0.0012654330348595977,0.0012457730481401086,0.022228742417855447,0.020914468542174557,0.0014337239554151893,0.0012924930779263377,1401,0.015546847294219783,0.016333619697804024,0.01586372696183912,0.015856852720229273,0.0,0.0,0.0,0.0,0.017060067042039537,0.017785549492747417,0.01704209670349484,0.017368607318940615,0.0,0.0,0.0,0.0,1.0,1.0,1.0,1.0,1.0,1.0,1.0,1.0
274,0.013419899982527546,0.01424578815077078,0.002654294210241009,1.6661477860761806,0.21813063230365515,0.08643681306820511,0.008824380801513362,-3.4189812754718013e-06,0.09000682272400895,0.00944370187599527,-8.837296933665718e-19,0.02226477969926867,0.020833798641097738,0.001501344027929008,0.0014277140144258738,0.022338507604811816,0.020907481573170558,0.0013965439284220338,0.001281033968552947,1500,0.015467954445986183,0.01624214702699453,0.01577922854176685,0.01576644707618082,0.0,0.0,0.0,0.0,0.016983637239488366,0.017695998569927974,0.016966792779577695,0.017293681953246032,0.0,0.0,0.0,0.0,1.0,1.0,1.0,1.0,1.0,1.0,1.0,1.0
275,0.013417656099430667,0.014249165506472095,0.002654265678799146,0.6041790082817897,0.17572420940268785,0.08642928778835761,0.008822113652057097,-1.2303003375722037e-19,0.08999413680687644,0.009440777871865709,-1.2453994780787717e-18,0.02225684856623003,0.020822088094763345,0.001526593929156661,0.0014969439944252372,0.022256833133421916,0.020826816670509306,0.0016223639249801636,0.0017888949951156974,1501,0.01546364433984093,0.016236323001363642,0.015774414557933335,0.015762230807629563,0.0,0.0,0.0,0.0,0.016983683722569996,0.017696017917612383,0.016966877254779574,0.017293767261057563,0.0,0.0,0.0,0.0,1.0,1.0,1.0,1.0,1.0,1.0,1.0,1.0
276,0.013155333121359013,0.014055345816766882,0.0026515298603663434,0.8320956468814984,0.16154417325742543,0.08667189059018085,0.00885431705558487,1.2122037380613687e-18,0.0903100484353712,0.009491579213369534,-3.259177439714001e-20,0.022025896308802882,0.020803434982092604,0.0016993239987641573,0.001425592927262187,0.022115335116359595,0.020750459471100907,0.0017211840022355318,0.001373013947159052,1600,0.01552977603693156,0.016310098801238508,0.015841432242634165,0.015829954366014698,0.0,0.0,0.0,0.0,0.016880091944133334,0.01759370653806519,0.016856467994686396,0.017196291477737102,0.0,0.0,0.0,0.0,1.0,1.0,1.0,1.0,1.0,1.0,1.0,1.0
277,0.013150486129662603,0.014049991546610165,0.002651503085484449,0.7384186859708279,0.1707723040599376,0.0866502029634082,0.008850536043027324,-3.057568331370387e-19,0.09028610360713105,0.009487424346009504,3.572416607099421e-19,0.022019958389810534,0.020798152408328913,0.001513984054327011,0.0013938230695202947,0.02201864620391065,0.020796843193265257,0.0016618240624666214,0.0013705140445381403,1601,0.015531142240336346,0.016312337385524518,0.01584258876182476,0.015830859027581107,0.0,0.0,0.0,0.0,0.016880578823012166,0.017595247450833743,0.01685677924100464,0.01719667318168024,0.0,0.0,0.0,0.0,1.0,1.0,1.0,1.0,1.0,1.0,1.0,1.0
278,0.013027849052165407,0.013943625895047261,0.002648930845922055,0.4619221579050645,0.1320372133050114,0.08647916299994131,0.008794023214695542,-2.0345828196813694e-19,0.0901853194499269,0.00944613754580113,5.917885229475165e-19,0.0218744508091592,0.021897192347006482,0.0017539949622005224,0.0015404339646920562,0.021845243864971352,0.020653413978965453,0.0021287749987095594,0.0019259050022810698,1700,0.016830724152306804,0.017600220271545817,0.016860700519170217,0.017214727796616255,0.0,0.0,0.0,0.0,0.01692176017238617,0.01763160440629878,0.016904523511264768,0.017240387797832546,0.0,0.0,0.0,0.0,1.0,1.0,1.0,1.0,1.0,1.0,1.0,1.0
279,0.013026114741421449,0.013941258043183481,0.002648905625334531,0.4491868271725252,0.2812013499205932,0.08648889843222156,0.008795026292828233,-4.086655818620405e-20,0.09010268912292627,0.009434886988447405,-3.229696477261217e-19,0.021867669642033537,0.021890354916686706,0.0015590830007568002,0.006280206027440727,0.021867664176417768,0.02189028212181069,0.0015899140853434801,0.0015399929834529757,1701,0.01683087338379749,0.017600322876562605,0.016860857106752003,0.01721487172450314,0.0,0.0,0.0,0.0,0.016921787003067217,0.017631613218712896,0.016904578754550148,0.017240446964117574,0.0,0.0,0.0,0.0,1.0,1.0,1.0,1.0,1.0,1.0,1.0,1.0
280,0.012895545271379785,0.013591402383752983,0.002646478636791026,0.6058673901716247,0.19127703120466322,0.08674795904130139,0.008954034628600817,9.601928861622976e-19,0.09054896055529914,0.009632892321637688,-4.744703128887915e-19,0.021698645622630602,0.021545076178777677,0.0018246850231662393,0.0017809049459174275,0.021747508738979095,0.02176462167181737,0.0018759550293907523,0.002258215914480388,1800,0.016602842796145392,0.017345027526977638,0.016610088816275598,0.01698153467308126,0.0,0.0,0.0,0.0,0.016868525454313606,0.017576957483563204,0.016855789108696537,0.017200198806180116,0.0,0.0,0.0,0.0,1.0,1.0,1.0,1.0,1.0,1.0,1.0,1.0
281,0.012893995937724192,0.013589583665281,0.0026464548011899867,0.4598618714371696,0.11795889073982835,0.08719975593090816,0.009179335881562332,-1.387966217137575e-18,0.09099870395948509,0.009857826822739103,-7.966045135495873e-19,0.021692304027477793,0.021538989902584786,0.001657893997617066,0.0016264140140265226,0.0216923402830604,0.02153895836745198,0.001570003922097385,0.001571803935803473,1801,0.016602946116295772,0.01734509892096735,0.016610202619859328,0.016981644421006463,0.0,0.0,0.0,0.0,0.016868464099085136,0.017576907509906908,0.016855753153337243,0.017200175420789898,0.0,0.0,0.0,0.0,1.0,1.0,1.0,1.0,1.0,1.0,1.0,1.0
282,0.012857713950277436,0.013573383230183755,0.0026441576465526828,0.3510162222664803,0.10493044985923916,0.08742448497697479,0.009273327350475152,-6.765463689481878e-06,0.09128627985646416,0.009982932110628397,-2.0407464891747667e-18,0.02160556917296537,0.021449061899416998,0.001847333973273635,0.0018531050300225616,0.021620646360018973,0.021453853687278042,0.0015997240552678704,0.001690263976342976,1900,0.016579905297703736,0.017333371078412416,0.01659095866177841,0.016969190484429277,0.0,0.0,0.0,0.0,0.01683900982638568,0.017560037184486062,0.01682561856340448,0.017179301472331016,0.0,0.0,0.0,0.0,1.0,1.0,1.0,1.0,1.0,1.0,1.0,1.0
283,0.012855497755520064,0.013494959732019248,0.0026441350528040065,0.23700448393356055,0.21696045901626348,0.08748092776104895,0.00928047147401988,-2.6443460691004466e-06,0.09135258928786594,0.00999854616335528,-3.5565832413671086e-19,0.021601146780523474,0.021417054602131537,0.001764194923453033,0.001683104899711907,0.02159961485144543,0.021443300542853413,0.0018867149483412504,0.0018264250829815865,1901,0.016543172820078375,0.017296685042495312,0.016555132019353824,0.016939037044976988,0.0,0.0,0.0,0.0,0.016839496127696744,0.017560853397942843,0.01682580557079386,0.017178850686333992,0.0,0.0,0.0,0.0,1.0,1.0,1.0,1.0,1.0,1.0,1.0,1.0
284,0.012791154574307566,0.013390368605834249,0.002641954640857739,0.32318269286770374,0.0856486294651404,0.08736494165702482,0.009218619554669204,-6.532714748556561e-19,0.09113745601614931,0.009921076283685548,3.469446951953614e-20,0.02172691035568698,0.020253101151723636,0.0021302750101312995,0.0017343440558761358,0.021729581403634714,0.021523679922890893,0.0018102939939126372,0.002833386999554932,2000,0.01519811549925168,0.015944898302858106,0.015429309069494208,0.015509037047301853,0.0,0.0,0.0,0.0,0.01682187461387753,0.017554963460318252,0.01681449447301065,0.017169525148530766,0.0,0.0,0.0,0.0,1.0,1.0,1.0,1.0,1.0,1.0,1.0,1.0
285,0.012786847240800146,0.013389112757953283,0.002641933166876139,0.3815654971404001,0.3099524120334536,0.08735458842780712,0.009216264223866988,-5.26506759529772e-19,0.09112563587759881,0.009918507373255385,-1.6958169523810327e-19,0.021722368065437904,0.020248539864496217,0.0019276950042694807,0.0024852469796314836,0.021721170978422973,0.020248499260755684,0.001899283961392939,0.0017476939829066396,2001,0.015198216270827554,0.015944975100368155,0.015429426557339167,0.015509150583837221,0.0,0.0,0.0,0.0,0.016822358531934492,0.017556238248961492,0.016815195359055023,0.017170339596990096,0.0,0.0,0.0,0.0,1.0,1.0,1.0,1.0,1.0,1.0,1.0,1.0
286,0.012986709065270736,0.013847653685861463,0.002639858287260381,0.28197268722578883,0.11812455567996949,0.08857036005473445,0.010096277924179714,-6.559340254354062e-06,0.09239135733094704,0.010765710463279845,-1.3425952855932125e-18,0.021707476108594186,0.020080277170993407,0.001979885040782392,0.002941527054645121,0.0217550995986055,0.020279246683749093,0.002108935033902526,0.002647966961376369,2100,0.014951950735888026,0.01566634568671373,0.015104449051075424,0.015246739750021542,0.0,0.0,0.0,0.0,0.016748662015277718,0.01750101940109291,0.01674301294218056,0.017105511405163292,0.0,0.0,0.0,0.0,1.0,1.0,1.0,1.0,1.0,1.0,1.0,1.0
287,0.012977210023451908,0.014170640750305701,0.0026398378280795298,0.37864063458982855,0.11206405994016677,0.08851153596398681,0.01008372193625468,8.316753066485739e-19,0.09238654191070216,0.010763796779924647,-1.2677755947166624e-18,0.021706457010943637,0.01994956566809455,0.0017362349899485707,0.001737414044328034,0.02170201782912176,0.020076405866162626,0.0020716950530186296,0.0017828639829531312,2101,0.01485280573600636,0.015510978564688064,0.014944503396721785,0.015118552896619142,0.0,0.0,0.0,0.0,0.016751765007572198,0.01750572912287968,0.016746858139396064,0.01710940109905997,0.0,0.0,0.0,0.0,1.0,1.0,1.0,1.0,1.0,1.0,1.0,1.0
288,0.013020131764416232,0.01425204525342066,0.002637858807782325,0.1936813781503588,0.1709637362509966,0.08843159196909113,0.010011607438137313,1.1695891169141405e-18,0.09227351310972029,0.010688030714165476,1.6576246548222822e-20,0.02174682622678994,0.019914485805490406,0.0018646139651536942,0.0019754950189962983,0.021710505815777985,0.01993517630546353,0.003670718986541033,0.002255705068819225,2200,0.014870808145711433,0.015514429338114595,0.014952919267495835,0.015124622710434545,0.0,0.0,0.0,0.0,0.016807497610029618,0.017551328234594838,0.016796954381623694,0.01715282598915601,0.0,0.0,0.0,0.0,1.0,1.0,1.0,1.0,1.0,1.0,1.0,1.0
289,0.013018757999329356,0.014251234184836294,0.0026378392725006574,0.2521585604408756,0.13925547804683447,0.08843123398112233,0.010010621760890945,-3.643414132657143e-06,0.092277835357336,0.010687781773195976,-4.417726488688159e-19,0.021741596457895022,0.01991115951695205,0.0022262349957600236,0.012088770046830177,0.021741575583265463,0.019911159223311218,0.0023265760391950607,0.0020972149213775992,2201,0.014870855232118866,0.015514450598978373,0.014952975114461947,0.015124679488713065,0.0,0.0,0.0,0.0,0.01680756566909488,0.017551367168915165,0.01679703925387309,0.01715290737156016,0.0,0.0,0.0,0.0,1.0,1.0,1.0,1.0,1.0,1.0,1.0,1.0
290,0.013152396206797121,0.014249468581007833,0.0026359477073105,0.17482520954217762,0.09976948273833841,0.08870579206439315,0.010319317470585499,1.0393577251809977e-18,0.09406618965753459,0.011124951652498117,-7.809946542908348e-19,0.02099286082485819,0.019950086176695463,0.0021682250080630183,0.002057665027678013,0.02181545317721579,0.01997349338230102,0.0027289269492030144,0.004069690010510385,2300,0.014888708287661203,0.015503817891021095,0.014976693211788069,0.01514131817101602,0.0,0.0,0.0,0.0,0.016030843120049588,0.016584800743012888,0.015899257024882953,0.016303704936022664,0.0,0.0,0.0,0.0,1.0,1.0,1.0,1.0,1.0,1.0,1.0,1.0
291,0.013152148299588445,0.014248729593740777,0.0026359290166886344,0.2528319344855845,0.13020681124180555,0.08870002799937537,0.01031752637301017,-5.725841843292226e-19,0.09405764731080983,0.011122511159318534,-7.111185665557838e-19,0.020989278922180873,0.01994693418188727,0.0021166849182918668,0.0018550249515101314,0.020989277971551465,0.019946922664737826,0.002101175021380186,0.0023561660200357437,2301,0.014888733680061099,0.015503835828368949,0.014976722952422849,0.015141348999141985,0.0,0.0,0.0,0.0,0.016030844519283747,0.016584802108176862,0.01589925842373369,0.016303706670677258,0.0,0.0,0.0,0.0,1.0,1.0,1.0,1.0,1.0,1.0,1.0,1.0
292,0.013360365333882608,0.01438122979515204,0.0026341175588020216,0.24589454976376146,0.08588499121833593,0.0889856026152193,0.010330618217770387,1.3790068236059586e-06,0.09424734382305129,0.011129350564562199,-4.2907854140487554e-19,0.021266179806893888,0.020147353443670298,0.0022996360203251243,0.006687926012091339,0.021281790509475353,0.02016633780035227,0.003343007992953062,0.0027669769478961825,2400,0.014890941550475698,0.015476957337909686,0.01497297649773609,0.0151303672684675,0.0,0.0,0.0,0.0,0.01602365472847066,0.016563376269901217,0.015880650327244193,0.01628576308686497,0.0,0.0,0.0,0.0,1.0,1.0,1.0,1.0,1.0,1.0,1.0,1.0
293,0.013360138446556655,0.014380585836362283,0.0026340996433518575,0.3125459912698716,0.1229526549577713,0.08897491810122377,0.010328073489883757,9.915738840650782e-19,0.09423501773693772,0.011126496209426046,-7.9269289803917745e-19,0.021262728566046447,0.02014435860618144,0.0020424850517883897,0.0020546549931168556,0.021262727375557046,0.020144356785212765,0.0024770459858700633,0.002898826962336898,2401,0.014890938662147557,0.015476961182848446,0.014972977380721399,0.015130375288208863,0.0,0.0,0.0,0.0,0.016023656062583436,0.01656337757914336,0.01588065124569784,0.0162857642823859,0.0,0.0,0.0,0.0,1.0,1.0,1.0,1.0,1.0,1.0,1.0,1.0
294,0.013368093335113242,0.014436272057816755,0.0026323618316149845,0.41950287390500307,0.16346137749496847,0.0889658810088805,0.010277803138625955,-2.163302217100489e-19,0.09427356709009992,0.011112470952873292,-1.8357456078131037e-18,0.02126370449568636,0.02019045077440535,0.0020952849881723523,0.017939095036126673,0.02127811327501171,0.020187509360996562,0.024478120962157845,0.0020443949615582824,2500,0.014883150544547974,0.015468287306801888,0.014958967729745394,0.015119543036592407,0.0,0.0,0.0,0.0,0.016000928136428286,0.016548083797672704,0.015865834572225797,0.016273952531662923,0.0,0.0,0.0,0.0,1.0,1.0,1.0,1.0,1.0,1.0,1.0,1.0
295,0.013352330956213361,0.01443568897178577,0.00263234463006454,0.4175350065343082,0.11502781219314784,0.08895635239825583,0.010275402535919135,-4.989095688676098e-06,0.09426272522098392,0.01111006849060392,-2.4708419247203954e-18,0.02126222598379407,0.02018761389871714,0.0026456969790160656,0.0024286359548568726,0.021260399550259747,0.020187611844195784,0.002073395997285843,0.0023884549736976624,2501,0.014883152577483216,0.01546829215469481,0.014958973316479184,0.015119554816396307,0.0,0.0,0.0,0.0,0.016003499387045296,0.016550529498870054,0.015868998554831752,0.016276682625740283,0.0,0.0,0.0,0.0,1.0,1.0,1.0,1.0,1.0,1.0,1.0,1.0
296,0.013544869357400305,0.01466689273513061,0.002630674752978853,0.32253587257582694,0.11324039252940565,0.08889900282607832,0.010249867522532596,-4.008143666458652e-06,0.09411434053535017,0.01103977259836438,-2.7166424246429245e-18,0.02146694922351717,0.020380126291067387,0.0029002870433032513,0.0024171159602701664,0.02147596804326468,0.020376907546226647,0.010592926060780883,0.002306206035427749,2600,0.015063279035532687,0.015507641190746609,0.014957033046665548,0.015028836260896294,0.0,0.0,0.0,0.0,0.015995456782526424,0.016537513553160955,0.015850791022302194,0.016255260119882133,0.0,0.0,0.0,0.0,1.0,1.0,1.0,1.0,1.0,1.0,1.0,1.0
297,0.013545094698584182,0.01467458040581824,0.0026306582110275658,0.28146241197828203,0.10808336432091892,0.08889093428903602,0.01024743146827412,-7.746057192500815e-06,0.09410355822548835,0.011037350215827565,-3.4000841875426216e-18,0.021464959500669845,0.020377056719535443,0.0022329860366880894,0.002995676943100989,0.021464525044599374,0.02037739193905824,0.002680247067473829,0.002737207105383277,2601,0.015066832876950794,0.015508349630517176,0.01495703508883146,0.015028408925434122,0.0,0.0,0.0,0.0,0.01599674658886634,0.016538204336031054,0.01585118977044483,0.01625558582173196,0.0,0.0,0.0,0.0,1.0,1.0,1.0,1.0,1.0,1.0,1.0,1.0
298,0.013568386482885763,0.014746348079413045,0.0026290511952153242,0.48877128458116204,1.0857251659035683,0.08885325364977865,0.010204793978389531,-6.696616778620871e-06,0.094053526493049,0.011006584401225504,-4.779478580584463e-18,0.02147799360302257,0.020373300607469235,0.002535075997002423,0.00248853606171906,0.021475408702351196,0.020375642939212985,0.002270814962685108,0.002353566000238061,2700,0.015077537241823168,0.015502272522474072,0.014955621573381738,0.015022960761735656,0.0,0.0,0.0,0.0,0.016013476975295243,0.01654482020936633,0.015857054170407368,0.016260315667279486,0.0,0.0,0.0,0.0,1.0,1.0,1.0,1.0,1.0,1.0,1.0,1.0
299,0.01356817816145816,0.01476325982619785,0.002629035264516307,0.3125459427246824,0.09301697055343539,0.08885103698827242,0.010203376507857746,-4.7021653588872174e-06,0.09404911765766508,0.01100506431760346,-4.49003944409046e-18,0.02147491056443486,0.020373328392035636,0.002267546020448208,0.0028180070221424103,0.02147491010870176,0.02037072097707517,0.0021670260466635227,0.002383445971645415,2701,0.015080751858520652,0.015504504652212219,0.014955340174021923,0.015024910815313671,0.0,0.0,0.0,0.0,0.016013480031618114,0.01654482200343554,0.015857055276934526,0.016260317835960256,0.0,0.0,0.0,0.0,1.0,1.0,1.0,1.0,1.0,1.0,1.0,1.0
300,0.013512444714775522,0.014756435694995986,0.002627486583173452,0.19295728206634521,0.06662163184955716,0.08878864771285568,0.010143138704475533,7.810820703674519e-19,0.09400968343526374,0.01096298185712428,-1.6199882566007973e-18,0.021488673174664137,0.020380169485478418,0.0026597758987918496,0.0036538890562951565,0.021483979253326124,0.020385336964162438,0.0023158759577199817,0.0024837269447743893,2800,0.01506066245475523,0.015499958315210857,0.014942339679316087,0.015016451642868757,0.0,0.0,0.0,0.0,0.016017663799986502,0.016549083721083307,0.015868981393975343,0.01627083653381303,0.0,0.0,0.0,0.0,1.0,1.0,1.0,1.0,1.0,1.0,1.0,1.0
301,0.01351225736063836,0.014755898453810297,0.002627471220494806,0.163552779937163,0.14761474099941552,0.08878100136430438,0.010141145075780749,7.64379644579398e-19,0.09400301077310397,0.010961152303371377,-1.6906860815279045e-18,0.021485684584968794,0.02037766076716288,0.0023948659654706717,0.0025176260387524962,0.02148568811511311,0.020377659846145275,0.0022891360567882657,0.0022766959154978395,2801,0.015060663937075284,0.015499961733555785,0.014942342034600486,0.015016458788256803,0.0,0.0,0.0,0.0,0.016017660676252987,0.016549081485025093,0.015868975041929894,0.016270832643930602,0.0,0.0,0.0,0.0,1.0,1.0,1.0,1.0,1.0,1.0,1.0,1.0
302,0.013497786588835948,0.014743548050775466,0.0026259768176831373,0.3085690053412691,0.12647341040428728,0.08908900954798664,0.010223249178052056,1.1961506408716348e-18,0.09424979979146274,0.011056018987138984,-4.3888503942213216e-18,0.021529114651347395,0.020453002685121454,0.002905037021264434,0.0027497969567775726,0.021521636849233354,0.02044640720465945,0.0025558159686625004,0.002349696005694568,2900,0.015067984401318124,0.01550899572091348,0.014950517342841892,0.015028342025829132,0.0,0.0,0.0,0.0,0.016024813313721683,0.016556722619645383,0.015884666032649007,0.0162842647566461,0.0,0.0,0.0,0.0,1.0,1.0,1.0,1.0,1.0,1.0,1.0,1.0
303,0.013497594941932112,0.01474302415431088,0.002625961984211827,0.1498851424548775,0.0919776625232771,0.0890778368781423,0.010220846157917362,3.947362975663931e-19,0.0942398093280487,0.01105373102364108,-4.2503958295663516e-18,0.021526196629878654,0.02045054461535744,0.0030794270569458604,0.002955837990157306,0.021526201444195932,0.020450544125989366,0.00266558607108891,0.003936980036087334,2901,0.015067983010680734,0.0155089985951133,0.014950516142175156,0.015028345804969007,0.0,0.0,0.0,0.0,0.016024807329485368,0.016556718670707557,0.015884656224638194,0.016284257306767108,0.0,0.0,0.0,0.0,1.0,1.0,1.0,1.0,1.0,1.0,1.0,1.0
304,0.013502493724255073,0.014814291557476909,0.002624518211813025,0.28375360858626664,0.1768681181129068,0.08897334132412803,0.010156193190857024,-2.9912261891385575e-06,0.09411310635077738,0.01099795178490198,-3.746433946314501e-18,0.021605541602324724,0.020522475789956564,0.002996496972627938,0.0033429880859330297,0.021610670071949025,0.02052198931466597,0.015636119060218334,0.002465225988999009,3000,0.015079209175697116,0.015515879805360231,0.01495154745701075,0.015027932199717452,0.0,0.0,0.0,0.0,0.0160211011453062,0.016552519469742715,0.015874719490149496,0.016275904981337578,0.0,0.0,0.0,0.0,1.0,1.0,1.0,1.0,1.0,1.0,1.0,1.0
305,0.012487469982334553,0.012788792130456854,0.002342199273506946,0.3775318721309304,0.5847790765110403,0.07306472977260152,0.006206664821313844,-9.020562075079397e-19,0.07145343116107161,0.005574553687655554,7.112366251504909e-19,0.01757852946895642,0.020765694511881455,0.0001818810123950243,0.00017487106379121542,0.0,0.0,0.00015671097207814455,0.00019744003657251596,0,0.018597826890367864,0.01877893650345696,0.018825484706717164,0.017860144490434847,0.0,0.0,0.0,0.0,0.022916321035446986,0.02318085801001574,0.02287995663518663,0.022960333104968034,0.0,0.0,0.0,0.0,0.0,0.0,0.0,0.0,1.0,1.0,1.0,1.0
306,0.01248562586101424,0.012786650948110215,0.0023414263727384,0.5507287326036021,0.5319553236477077,0.0729794783795363,0.006182703336577575,-6.802837160693361e-20,0.07146436572263844,0.005571751201486108,-2.0408511482080083e-19,0.017476947211378824,0.02054490746138933,0.00030864099971950054,0.0002556409453973174,0.017476887860492545,0.0206075313493375,0.00019297993276268244,0.00017047999426722527,1,0.018646442275101614,0.018831225640865625,0.01887302534180993,0.017902637606781218,0.0,0.0,0.0,0.0,0.0229164025740938,0.023180937914268458,0.022880028075969547,0.022960438126434297,0.0,0.0,0.0,0.0,0.0,0.0,0.0,0.0,1.0,1.0,1.0,1.0
307,0.013757365011428805,0.013284316592396752,0.002299703366749646,0.4668941075215116,0.28795928484760225,0.08109130850047472,0.0075709719800685,1.61907524424502e-19,0.08180657396905178,0.007565340944866318,-7.864079757761525e-19,0.020877696328860575,0.019237620777336484,0.00031501101329922676,0.0002931910566985607,0.024276664653150846,0.022240986972555395,0.0004738509887829423,0.0002289799740538001,100,0.016703844025299935,0.017285922519408334,0.017158788831983865,0.016892442190488865,0.0,0.0,0.0,0.0,0.019387798437788848,0.02077899717868669,0.020196414633246982,0.0201927759321633,0.0,0.0,0.0,0.0,1.0,1.0,1.0,1.0,1.0,1.0,1.0,1.0
308,0.013734260713474358,0.013283772066239364,0.0022994487062297513,0.5373913532821462,0.18213218939490616,0.08092105842913964,0.007541297596747287,7.926882108768191e-19,0.08163418748846342,0.007536497921082557,-1.1847242282126373e-18,0.01998588630814862,0.01919757436385575,0.0004219809779897332,0.00031075102742761374,0.02081292511249626,0.019197605987724395,0.0002513909712433815,0.00034221995156258345,101,0.016703842269699325,0.01728590536096083,0.017158775913036748,0.016892417077101703,0.0,0.0,0.0,0.0,0.017755551257150917,0.019068262377255344,0.018002558155751403,0.018169766107285927,0.0,0.0,0.0,0.0,1.0,1.0,1.0,1.0,1.0,1.0,1.0,1.0
309,0.01283609649274052,0.013459971266294059,0.00228020735325927,0.8482068725861609,0.4061991955386475,0.08391227247472473,0.008079375529748224,-2.0903417885520525e-19,0.08530388589162693,0.008331719110705425,-3.920475055707584e-19,0.01900560170729719,0.017705512639389777,0.00042494095396250486,0.0005800320068374276,0.021484614349631226,0.01974591785825631,0.0003173910081386566,0.00037266104482114315,200,0.01519641262524587,0.015829735497904066,0.015459356841421787,0.015402973470287531,0.0,0.0,0.0,0.0,0.01620288798008085,0.017342085632661822,0.01646729356594962,0.016591492752566817,0.0,0.0,0.0,0.0,1.0,1.0,1.0,1.0,1.0,1.0,1.0,1.0
310,0.013099975529440849,0.013673895437048342,0.0022800556477018718,1.0722970446804538,0.2677557748975232,0.08395549410215589,0.008086151111901156,-4.146749344964479e-20,0.08534640640474334,0.008337984918341894,3.248286986888842e-19,0.019323880977188703,0.017933144860126714,0.0003282809630036354,0.0003341010306030512,0.01924808951883064,0.017908705216781874,0.0003313310444355011,0.0003615310415625572,201,0.015251873461508659,0.01588561096706656,0.015523956965161193,0.015483409545798379,0.0,0.0,0.0,0.0,0.016209373750820183,0.017352561343128757,0.01647445511492087,0.016599034654541052,0.0,0.0,0.0,0.0,1.0,1.0,1.0,1.0,1.0,1.0,1.0,1.0
311,0.012103534029274521,0.01283081295191261,0.0022674560327523414,0.5822631705086678,0.06636235676705837,0.08371583256093164,0.008064231807797435,-1.3629970168389198e-19,0.08590402368723891,0.008455325489879956,-3.097720492815727e-19,0.01889893847226415,0.017255354102609477,0.0007373519474640489,0.0007274720119312406,0.018489739528938072,0.01732842693743669,0.0010198219679296017,0.0005569308996200562,300,0.015843337479407946,0.016930322401501503,0.01633555938965383,0.01625946042944222,0.0,0.0,0.0,0.0,0.01723405647667914,0.018109236986199272,0.017732766284249923,0.017186100992226404,0.0,0.0,0.0,0.0,1.0,1.0,1.0,1.0,1.0,1.0,1.0,1.0
312,0.012095015743546985,0.01280325705226035,0.00226734821517452,0.728282690863125,0.1201467503560707,0.08375255233845125,0.008066914307506822,-1.0872910675638108e-19,0.08592663123335101,0.0084550837731434,-6.177790156612561e-20,0.018868951638255825,0.017252491180336043,0.00038167100865393877,0.00039575097616761923,0.01887604490200035,0.017235852355270462,0.004761771997436881,0.0004193909699097276,301,0.015856900301826,0.01694195121144593,0.01635154039376845,0.016269981102304123,0.0,0.0,0.0,0.0,0.017243924725164783,0.01811670075590255,0.0177439821797838,0.01719585023627056,0.0,0.0,0.0,0.0,1.0,1.0,1.0,1.0,1.0,1.0,1.0,1.0
313,0.011846199907293246,0.012962346302527936,0.002257978488363652,1.0155098260147497,0.8669574164086953,0.08449775848209007,0.00841701270735273,-8.413408858487514e-19,0.08637300073851861,0.008780004648722707,-9.271133243831603e-19,0.020301776461496192,0.017979028624762222,0.0004900009371340275,0.00047956197522580624,0.018925293912739866,0.017676925188584245,0.0005367910489439964,0.0004554210463538766,400,0.016140687930715082,0.016760166819549244,0.01638719104069477,0.015955547008478014,0.0,0.0,0.0,0.0,0.018051399938383422,0.01869155236472493,0.018162850115061906,0.01785173417061169,0.0,0.0,0.0,0.0,1.0,1.0,1.0,1.0,1.0,1.0,1.0,1.0
314,0.01183742502690172,0.012955021744624793,0.0022578949538594718,0.8065137923695147,0.22826017113402486,0.08445472180922234,0.008407635278551186,3.279050472882989e-19,0.08636718768081425,0.008775769759569719,-9.231344439787886e-19,0.020274608299577043,0.01796046117283106,0.000544000999070704,0.00046366103924810886,0.020274255466211123,0.01796058231919255,0.0004436810268089175,0.00047814100980758667,401,0.016141456777001965,0.01676108109759482,0.016387859939601228,0.015956334544858168,0.0,0.0,0.0,0.0,0.01805183567165633,0.018691826113107646,0.01816361128642219,0.017852300288104767,0.0,0.0,0.0,0.0,1.0,1.0,1.0,1.0,1.0,1.0,1.0,1.0
315,0.011864582451505097,0.01326883310401315,0.002250439267670165,0.26489042246248573,0.6217363148462027,0.08408394306588504,0.008298080453383799,-1.5770213417970974e-19,0.08608457269222113,0.008629924965723457,-7.205016255335489e-19,0.022495876058453965,0.018732900356106242,0.0006673319730907679,0.0005915610818192363,0.02105245365998587,0.019003517106154333,0.0005779119674116373,0.0006032319506630301,500,0.0159310690577649,0.016568638127122455,0.016057380789264223,0.015932570801542936,0.0,0.0,0.0,0.0,0.01919869786612747,0.01986375446289889,0.019223249292345004,0.019196123369629964,0.0,0.0,0.0,0.0,1.0,1.0,1.0,1.0,1.0,1.0,1.0,1.0
316,0.011858732063740449,0.013266794373962642,0.0022503711354927435,0.2973315070848912,0.8977960636839271,0.0840912499730541,0.008298271218951688,-2.487171589876003e-19,0.08610163177811293,0.008630675149628711,-6.627210375555679e-19,0.022470690727998482,0.018720819979758874,0.0006152819842100143,0.0005924409488216043,0.022470731139226187,0.018720945496530195,0.000610130955465138,0.00061075109988451,501,0.01593025385151316,0.016567396487088288,0.016056289165937643,0.015931226868545652,0.0,0.0,0.0,0.0,0.019198658937432268,0.01986371621344001,0.01922320286719697,0.019196103262203508,0.0,0.0,0.0,0.0,1.0,1.0,1.0,1.0,1.0,1.0,1.0,1.0
317,0.01180189371674683,0.013266226229384292,0.002244182231042401,0.20102824887726456,0.8245606715790927,0.08387665429094932,0.0081691528999944,-4.223384462666611e-19,0.08589440574249868,0.008490745728266445,1.0675221390626506e-19,0.022001962454283402,0.01863462585351046,0.0006591520505025983,0.0007963520474731922,0.021632898172658746,0.018412122769362264,0.001034791930578649,0.0008795319590717554,600,0.016436745875111798,0.017440959438733073,0.016480877324111975,0.01678023135976826,0.0,0.0,0.0,0.0,0.019506376127425056,0.020149317015560424,0.019602308738666675,0.019518937462625147,0.0,0.0,0.0,0.0,1.0,1.0,1.0,1.0,1.0,1.0,1.0,1.0
318,0.011797023263415914,0.01326316441898905,0.0022441247328634675,0.24418865679763258,0.7281376249156892,0.08386896224512953,0.00816393969320931,-2.604749919765482e-19,0.08586449859977811,0.008485154765595257,3.6239998883693665e-19,0.02198241963624387,0.018624354337181022,0.0007482219953089952,0.0006809510523453355,0.021981423838855728,0.018623318698787177,0.0006776310037821531,0.0006850819336250424,601,0.016436810311134892,0.017440501942943838,0.01648070234771988,0.01678004415600744,0.0,0.0,0.0,0.0,0.019507162742989533,0.020150107042637228,0.01960327588920466,0.01951979031936337,0.0,0.0,0.0,0.0,1.0,1.0,1.0,1.0,1.0,1.0,1.0,1.0
319,0.011503431883071862,0.01291442907791927,0.0022388362025773175,0.06747680343687534,0.7223986063618213,0.08435446714995215,0.008283306747235203,1.1102230246251566e-19,0.0863605127431476,0.008599560349419605,-6.661338147750939e-19,0.021612522217388117,0.019469906957012707,0.01053082593716681,0.0008418419165536761,0.021527924765451407,0.018436725168056743,0.000695141963660717,0.000869342009536922,700,0.01712228762125736,0.01755520983653884,0.017176691678460584,0.016957275227926335,0.0,0.0,0.0,0.0,0.01963159325769322,0.020299834184081652,0.019750790233508085,0.01965049753487087,0.0,0.0,0.0,0.0,1.0,1.0,1.0,1.0,1.0,1.0,1.0,1.0
320,0.011499349630073517,0.012909888959498041,0.002238786484352254,0.08792526659090072,0.34490783081855625,0.08433767636679765,0.008279170628729335,5.38203155662578e-19,0.08634671578645493,0.008595967208154483,-3.4648271823771114e-21,0.02159587126359075,0.01945681484833,0.0008412619354203343,0.010057494975626469,0.02159497926836923,0.01945663779077628,0.001025392091833055,0.0008095119846984744,701,0.01712241712931952,0.017555380751633008,0.01717676511019707,0.016957424544119783,0.0,0.0,0.0,0.0,0.01963248255780693,0.02030072994302759,0.019751853930819352,0.019651457280526204,0.0,0.0,0.0,0.0,1.0,1.0,1.0,1.0,1.0,1.0,1.0,1.0
321,0.011517582193885944,0.012574339327342407,0.0022341707408733637,0.13047522224951535,0.20757919386960566,0.0856201477560859,0.008645283446428481,-1.5918638956022465e-19,0.0879832493450627,0.00914933544634197,6.433783244725747e-19,0.0215951968011582,0.0192733420122315,0.0009152120910584927,0.000848492025397718,0.021324926290668966,0.019285538303787625,0.0009306430583819747,0.0009014330571517348,800,0.01577606178687787,0.016479487603986105,0.016106183807892274,0.016018284401412078,0.0,0.0,0.0,0.0,0.019862197827317615,0.020587921881306998,0.020025371284590938,0.019894943903703333,0.0,0.0,0.0,0.0,1.0,1.0,1.0,1.0,1.0,1.0,1.0,1.0
322,0.011459432932608465,0.012556418239214814,0.002234126959781699,0.07362213172018528,0.1932815065374598,0.08561486144829246,0.008642883803666804,-4.525365589504714e-19,0.08797961644794171,0.009147876511267566,3.05767945236805e-19,0.02164950849684686,0.019272151023275397,0.0008392019663006067,0.000920381979085505,0.02157921624942863,0.01926097688220234,0.0008936129743233323,0.0008326519746333361,801,0.01578832410320518,0.016494446075691997,0.016121581336485103,0.016031277943222053,0.0,0.0,0.0,0.0,0.019929734298667484,0.02066968068730594,0.020107738965373288,0.019968168563379757,0.0,0.0,0.0,0.0,1.0,1.0,1.0,1.0,1.0,1.0,1.0,1.0
323,0.011762872883181459,0.01254801721296184,0.002230032959626217,0.20586340164300054,0.24789365159813315,0.08627297285260804,0.00897977441393074,6.117182783707688e-20,0.0892278634261526,0.00946582511506446,-6.117182783707688e-19,0.020998231920590887,0.02025879339118214,0.001047481899149716,0.0010139020159840584,0.021751087941695724,0.019189359714419544,0.002056765020824969,0.0008775030728429556,900,0.017079719000048073,0.01789826326358136,0.017102402886215135,0.017457235133664897,0.0,0.0,0.0,0.0,0.01912515417225393,0.01987271311564708,0.019141479458543838,0.01913580702910204,0.0,0.0,0.0,0.0,1.0,1.0,1.0,1.0,1.0,1.0,1.0,1.0
324,0.01175908214194048,0.012543681595092377,0.0022299938571606016,0.24952388228848577,0.1445857910439372,0.08626326824387616,0.008976550056698116,2.3713359818820707e-20,0.08920713407775574,0.00946130306075986,-7.004561669559347e-19,0.020984946515696615,0.02024643096536281,0.0010969029972329736,0.0009027629857882857,0.02098473000012449,0.020246349939997344,0.0012091828975826502,0.0015628139954060316,901,0.017080137937086133,0.0178985818752921,0.017102877018153842,0.01745764705804123,0.0,0.0,0.0,0.0,0.01912548934861542,0.019873017633489403,0.019141905821626844,0.01913615753579829,0.0,0.0,0.0,0.0,1.0,1.0,1.0,1.0,1.0,1.0,1.0,1.0
325,0.012214214507403275,0.012676767192304352,0.0022263162368203557,0.7654621734982356,0.14205324510112405,0.08620634827614891,0.008919504114220317,1.0515728499611787e-18,0.08918108174452978,0.009431548113057306,3.469446951953614e-20,0.02152039549377168,0.019502099811280198,0.0011282330378890038,0.0009279620135203004,0.021731776854095844,0.020720338037254322,0.000904091983102262,0.0012572730192914605,1000,0.015570039690301803,0.01631835202481048,0.015663415189426867,0.015639369319654477,0.0,0.0,0.0,0.0,0.018802310958219732,0.01951836208587317,0.01877792010455712,0.0187977919309162,0.0,0.0,0.0,0.0,1.0,1.0,1.0,1.0,1.0,1.0,1.0,1.0
326,0.012228367985651044,0.01267687863108169,0.002226280915564696,0.27578254765830934,0.1026433123042807,0.08619561885746903,0.00891635951414944,-1.4029638007424226e-20,0.0891674351775615,0.00942791474515845,-4.060342293913364e-19,0.021544085634566938,0.019499487385357665,0.0009261619998142123,0.0011128420010209084,0.021561373912808414,0.019502428353473114,0.0010059529449790716,0.0011376530164852738,1001,0.01556647567594082,0.016314220246514726,0.015658388039545338,0.015635283636247065,0.0,0.0,0.0,0.0,0.018775106410678977,0.019487866133246406,0.018745769460466705,0.01876922927870313,0.0,0.0,0.0,0.0,1.0,1.0,1.0,1.0,1.0,1.0,1.0,1.0
327,0.012236154958280954,0.012862920284463005,0.002222943262063918,0.2575705866329372,0.09416820912156254,0.08652108353293246,0.008914050123533667,9.578690497784979e-19,0.08984129007821127,0.009475426247482722,-7.383888186875192e-19,0.021761445821691774,0.019505727197723102,0.0010901530040428042,0.001028793049044907,0.021794403796165263,0.019502246241233114,0.0010892729042097926,0.0010274519445374608,1100,0.015606839482228383,0.01634183788781956,0.015720761836290276,0.015676847123160358,0.0,0.0,0.0,0.0,0.01874777342829397,0.01943153439413882,0.018709208314280124,0.01873637616384955,0.0,0.0,0.0,0.0,1.0,1.0,1.0,1.0,1.0,1.0,1.0,1.0
328,0.01223302076692297,0.012839202014599089,0.002222911059727241,0.2330608533229679,0.22701973537914455,0.08651105115379558,0.008911320175298307,4.857487273178002e-06,0.08983331230554994,0.009472982889619041,-3.8620581296182174e-19,0.021750278481600098,0.019507804129547425,0.0010402420302852988,0.0009774219943210483,0.021750035974131908,0.019496664594278384,0.0012066130293533206,0.001102542970329523,1101,0.015619263925581047,0.01635745348321889,0.01573994993872971,0.01569148654989063,0.0,0.0,0.0,0.0,0.018748124104668758,0.01943185848898943,0.018709632237914733,0.018736750702249155,0.0,0.0,0.0,0.0,1.0,1.0,1.0,1.0,1.0,1.0,1.0,1.0
329,0.012252098719729805,0.012668300661283566,0.00221985619783441,0.7288491927320138,0.19651916599832475,0.08593906967036342,0.008769538039993393,-8.743006318923108e-20,0.08928474129293315,0.009336890673992009,6.245004513516505e-19,0.021889585017898765,0.019435835990671807,0.0013554629404097795,0.0010275430977344513,0.02204433591865335,0.01939920158075388,0.0011726530501618981,0.0010262118885293603,1200,0.015588086276327386,0.016357904336675163,0.015730757551890743,0.01570261550742733,0.0,0.0,0.0,0.0,0.018553791512613067,0.019220447145060018,0.01848518280886715,0.01853731257610809,0.0,0.0,0.0,0.0,1.0,1.0,1.0,1.0,1.0,1.0,1.0,1.0
330,0.012249362504269692,0.01266538238031488,0.0022198266117818563,1.3394174145068973,0.15531586040742695,0.08597842318821776,0.008777410027711935,1.3728027507730127e-19,0.08932003894399979,0.009343513830004167,5.269343891856009e-20,0.021879356098324462,0.01942760356471708,0.0011456520296633244,0.0012099830200895667,0.021879144970828837,0.019427508270922184,0.0011531730415299535,0.0010418519377708435,1201,0.015588374940110658,0.01635811539563908,0.01573100953018261,0.015702835708417913,0.0,0.0,0.0,0.0,0.018554098031617776,0.019220716275352732,0.0184855433278772,0.018537634087252793,0.0,0.0,0.0,0.0,1.0,1.0,1.0,1.0,1.0,1.0,1.0,1.0
331,0.012578160421229256,0.013256486043527173,0.002217010649125183,0.7046176205622032,0.22418853710405529,0.08638418154904291,0.008897481068088277,-1.6704744583480365e-19,0.08980754368648904,0.009480142765412647,-1.8673976973802183e-18,0.02134881999871141,0.019822932682508294,0.00137654400896281,0.001979655004106462,0.022440766919045674,0.019961916406824,0.0015321039827540517,0.0013942329678684473,1300,0.015414257408456714,0.016209298179654556,0.015721090089827645,0.01572893229996514,0.0,0.0,0.0,0.0,0.017036000125221856,0.017771120055994658,0.01702143205449291,0.01734765285248823,0.0,0.0,0.0,0.0,1.0,1.0,1.0,1.0,1.0,1.0,1.0,1.0
332,0.012585112947016787,0.013260965941141192,0.0022169832889243897,0.5554218383040279,0.2528527316171676,0.08637691637959767,0.00889523773135674,-4.519782853766366e-19,0.0897969702652738,0.009477313768259462,-1.5921962325767882e-18,0.021361744500871256,0.019830186123932326,0.0016039740294218063,0.0013176240026950836,0.02136769923113058,0.019836963178541292,0.0013958330964669585,0.001167713082395494,1301,0.015409617806460153,0.016201986515027002,0.015716206778328818,0.015724280640907945,0.0,0.0,0.0,0.0,0.01703140161391685,0.01776419595825577,0.01701695049349453,0.017343298506061967,0.0,0.0,0.0,0.0,1.0,1.0,1.0,1.0,1.0,1.0,1.0,1.0
333,0.012469348058609872,0.013266118899768385,0.0022143717994472403,0.6596642602235079,0.28971070994157344,0.08645694081612412,0.008863119827228932,1.1628629094134184e-18,0.08991355296425922,0.009458305190219181,-1.3136043976707133e-18,0.021208957181200902,0.019959333306851727,0.0013499129563570023,0.001246622996404767,0.021224996637292444,0.019834455930006323,0.0025162360398098826,0.004660992068238556,1400,0.015524316179175397,0.016352167702630076,0.01582877641439869,0.015842619261522476,0.0,0.0,0.0,0.0,0.017005769322786485,0.01774719264625692,0.01698294128293868,0.01731305729796276,0.0,0.0,0.0,0.0,1.0,1.0,1.0,1.0,1.0,1.0,1.0,1.0
334,0.012466856863568604,0.013263124618402518,0.0022143463558167067,0.7343075629323721,0.1563853977713734,0.0864662136115548,0.008863917713299542,1.2887883577553397e-18,0.08991962401157691,0.009458488246002568,-1.3766602912386584e-18,0.02120047047331447,0.019951774292025843,0.0012734929332509637,0.001250733039341867,0.02120044293679641,0.019951726258575574,0.001418394036591053,0.0013015230651944876,1401,0.015524478262564366,0.016352274496424585,0.015828964674065405,0.015842795005352194,0.0,0.0,0.0,0.0,0.01700585138776589,0.01774723281169217,0.01698307405937943,0.01731318891385659,0.0,0.0,0.0,0.0,1.0,1.0,1.0,1.0,1.0,1.0,1.0,1.0
335,0.012420605204214423,0.01323085433677157,0.0022119118418675076,0.5557954262476414,0.18015358306001872,0.08643681306820511,0.008824380801513362,-3.3905009406876633e-06,0.09000682272400895,0.00944370187599527,-1.1989177571871966e-18,0.021235452883081908,0.019858854668890917,0.0017915039788931608,0.0014317829627543688,0.021307928687490766,0.01993999121469213,0.0013227630406618118,0.0036735289031639695,1500,0.015436962942632528,0.016249896926078297,0.015737406957515077,0.015742117675738396,0.0,0.0,0.0,0.0,0.016928084630082902,0.01765764806457866,0.016908222097300425,0.01723860440924871,0.0,0.0,0.0,0.0,1.0,1.0,1.0,1.0,1.0,1.0,1.0,1.0
336,0.012418383198761509,0.013234330169512122,0.0022118880656659553,0.6191121867159382,0.15901223453693092,0.08642928778835761,0.008822113652057097,-1.5993904388438646e-19,0.08999413680687644,0.009440777871865709,-7.524405019106363e-19,0.02122756211305629,0.01984692521567688,0.001263132900930941,0.0012216530740261078,0.02122754756657548,0.01985187415985201,0.0013240129919722676,0.0013906139647588134,1501,0.015432365135336518,0.016243786400069248,0.015732721504682207,0.015737806601403708,0.0,0.0,0.0,0.0,0.01692813541172372,0.01765766660429766,0.01690831971994916,0.017238700356681954,0.0,0.0,0.0,0.0,1.0,1.0,1.0,1.0,1.0,1.0,1.0,1.0
337,0.012154910556890684,0.013043230593304358,0.0022096082169719526,0.3442450942238793,0.11473934422247112,0.08667189059018085,0.00885431705558487,1.3635977868738901e-18,0.0903100484353712,0.009491579213369534,-2.901719268906659e-19,0.020994914807402613,0.019832867298765156,0.0014978440012782812,0.0031875879503786564,0.021088165003415267,0.019776397006836206,0.0014010730665177107,0.0015133030246943235,1600,0.01550514547754587,0.01632472879646078,0.01580402969137841,0.015811315422666436,0.0,0.0,0.0,0.0,0.01681723452060641,0.01755170439643963,0.016791269541997306,0.017137235229469222,0.0,0.0,0.0,0.0,1.0,1.0,1.0,1.0,1.0,1.0,1.0,1.0
338,0.01214985655981987,0.013037820405763317,0.0022095859045703744,0.24774730380158871,0.08573131263256073,0.0866502029634082,0.008850536043027324,-4.2028430671757892e-19,0.09028610360713105,0.009487424346009504,-6.409335677443078e-20,0.0209890871938729,0.019827531859676076,0.0015821430133655667,0.0015479340218007565,0.02098770401302581,0.01982627426084826,0.0015309640439227223,0.0017092550406232476,1601,0.01550647375920432,0.016327029342814152,0.01580501332511679,0.015812113397570972,0.0,0.0,0.0,0.0,0.016817707232288828,0.0175533810765318,0.016791500146661857,0.017137556274764165,0.0,0.0,0.0,0.0,1.0,1.0,1.0,1.0,1.0,1.0,1.0,1.0
339,0.012030657884733138,0.012935428516283771,0.0022074423716017125,0.40169076423626393,0.15382443799171597,0.08647916299994131,0.008794023214695542,-4.968743670476426e-19,0.0901853194499269,0.00944613754580113,4.956352788505163e-20,0.02084749335764794,0.020862302234256343,0.0015482640592381358,0.001556564006023109,0.02081818388073966,0.01968477641497221,0.0014652530662715435,0.0016602840041741729,1700,0.016745642200929757,0.01754100426530439,0.016782176173946377,0.017146202210438943,0.0,0.0,0.0,0.0,0.01686206631056859,0.01759026243465063,0.016842585687539692,0.01718409569449454,0.0,0.0,0.0,0.0,1.0,1.0,1.0,1.0,1.0,1.0,1.0,1.0
340,0.012028940449818608,0.012933083150377543,0.002207421354445443,0.40901933249551803,0.10976002214010805,0.08648889843222156,0.008795026292828233,-3.962817763510696e-21,0.09010268912292627,0.009434886988447405,-4.1609586516862307e-19,0.020840742747370494,0.020855505258317274,0.0015381940174847841,0.0018019350245594978,0.020840740601554733,0.020855429569758693,0.0016322239534929395,0.002535175997763872,1701,0.016745808663586152,0.017541111927624402,0.01678235660059637,0.017146363236067632,0.0,0.0,0.0,0.0,0.01686209674479727,0.017590270043608348,0.016842646335270064,0.017184160797768553,0.0,0.0,0.0,0.0,1.0,1.0,1.0,1.0,1.0,1.0,1.0,1.0
341,0.011899482658574049,0.012580649372432483,0.0022053988639925215,0.2966933496063575,0.07850774144753814,0.08674795904130139,0.008954034628600817,7.623406410644023e-19,0.09054896055529914,0.009632892321637688,-8.24696917363028e-19,0.02067248148203227,0.020516733562995184,0.002492335974238813,0.001918623922392726,0.02072480508542035,0.020732624656161318,0.0016724939923733473,0.001758734928444028,1800,0.016515831976947167,0.017290162338242203,0.01653214665284307,0.016911885909815256,0.0,0.0,0.0,0.0,0.01680488375409265,0.01753194011898534,0.016790789263916896,0.017141461977249403,0.0,0.0,0.0,0.0,1.0,1.0,1.0,1.0,1.0,1.0,1.0,1.0
342,0.011897969050189014,0.012578849215119637,0.0022053790009916555,0.3076003394089639,0.13292372808791697,0.08719975593090816,0.009179335881562332,-1.30455703866003e-18,0.09099870395948509,0.009857826822739103,-4.859287532652483e-19,0.020666530033889532,0.020510667237718282,0.0018035649554803967,0.001729344017803669,0.020666206239678776,0.020510647076366878,0.0019898450700566173,0.0014845440164208412,1801,0.0165159754628653,0.017290254065031797,0.016532282515730294,0.01691200505673261,0.0,0.0,0.0,0.0,0.016805543220727748,0.01753239147848102,0.016791445199923885,0.017142042298816412,0.0,0.0,0.0,0.0,1.0,1.0,1.0,1.0,1.0,1.0,1.0,1.0
343,0.01186017797825004,0.012559632602710633,0.002203464705460569,0.22330117947421968,0.1471203004475683,0.08742448497697479,0.009273327350475152,-6.7160921885112725e-06,0.09128627985646416,0.009982932110628397,-2.4019248128909636e-18,0.02057472101683371,0.020417807398994854,0.002125486033037305,0.001566573977470398,0.020594540331854566,0.020422116538321534,0.001924804993905127,0.0038307689828798175,1900,0.016492188743615657,0.017279841999833404,0.016512051801272132,0.01690094390325561,0.0,0.0,0.0,0.0,0.016769453898264574,0.01751350487274398,0.01675717581692417,0.01711709894080146,0.0,0.0,0.0,0.0,1.0,1.0,1.0,1.0,1.0,1.0,1.0,1.0
344,0.011857891193550261,0.01247854244893814,0.002203445877336672,0.23453574813902378,0.11157845216803253,0.08748092776104895,0.00928047147401988,-2.6284762327305626e-06,0.09135258928786594,0.00999854616335528,-8.713628941349415e-20,0.020570513387858355,0.020387617051568913,0.0016008439706638455,0.0017806150717660785,0.020568796855379837,0.020412077514228293,0.0017102740239351988,0.0015627939719706774,1901,0.016456918848496694,0.01724387996758604,0.016477351137973936,0.01687147971804047,0.0,0.0,0.0,0.0,0.016769933957828883,0.017514609012068826,0.01675725665532327,0.017116649699807092,0.0,0.0,0.0,0.0,1.0,1.0,1.0,1.0,1.0,1.0,1.0,1.0
345,0.011792425260228907,0.012373204968719112,0.002201628867381449,0.143721905304119,0.225746413692832,0.08736494165702482,0.009218619554669204,-7.093326603597846e-19,0.09113745601614931,0.009921076283685548,1.7770338046591681e-19,0.020692345830256226,0.019298177863723606,0.0021656760945916176,0.00171853497158736,0.020697813368818478,0.02049005520508488,0.002216666005551815,0.0019779549911618233,2000,0.015185082450535037,0.015973500465556508,0.015410491836206958,0.015514927437408895,0.0,0.0,0.0,0.0,0.016747380191810882,0.017506066446112883,0.016741970744359118,0.01710496541361768,0.0,0.0,0.0,0.0,1.0,1.0,1.0,1.0,1.0,1.0,1.0,1.0
346,0.01178802104860209,0.012371965701396582,0.0022016109723967826,0.3373302487889305,0.13405679736752063,0.08735458842780712,0.009216264223866988,-6.855160298777192e-19,0.09112563587759881,0.009918507373255385,-1.4843684545779114e-19,0.02068776873096618,0.019293603197473655,0.002090875059366226,0.002203886047936976,0.020686637400006348,0.019293562207674517,0.00243418593890965,0.0037497100420296192,2001,0.015185196450081439,0.015973584190215506,0.015410619868051218,0.015515057905869758,0.0,0.0,0.0,0.0,0.01674769997599311,0.017507351024629202,0.016742491966103765,0.017105755975625157,0.0,0.0,0.0,0.0,1.0,1.0,1.0,1.0,1.0,1.0,1.0,1.0
347,0.011982895815284937,0.012819057395127975,0.0021998819060503176,0.09991362947039306,0.11398829147219658,0.08857036005473445,0.010096277924179714,-6.473117273274752e-06,0.09239135733094704,0.010765710463279845,-1.232863940136075e-18,0.020667072804882634,0.01913243069891024,0.013069321983493865,0.0023200459545478225,0.020716975143096464,0.0193177018549854,0.001916533918119967,0.001811965019442141,2100,0.01493928306619135,0.01570099890010517,0.015093070383302657,0.015250241508405935,0.0,0.0,0.0,0.0,0.0166638359141971,0.01744728155613179,0.016661492274899645,0.01703527424087163,0.0,0.0,0.0,0.0,1.0,1.0,1.0,1.0,1.0,1.0,1.0,1.0
348,0.011973199052511218,0.013148464506585966,0.0021998648567329417,0.10030310705769807,0.15513106517028064,0.08851153596398681,0.01008372193625468,1.0638387286136242e-18,0.09238654191070216,0.010763796779924647,-1.3839077102632268e-18,0.020666297885787097,0.018974246165657294,0.0020760149927809834,0.0019344540778547525,0.02066164749960022,0.019128537070152732,0.0019690250046551228,0.0020175649551674724,2101,0.014826384528289974,0.015522574787126472,0.014914645725975364,0.015094283346336704,0.0,0.0,0.0,0.0,0.016666827944119545,0.017452032599536618,0.016665388004735493,0.017039210643065423,0.0,0.0,0.0,0.0,1.0,1.0,1.0,1.0,1.0,1.0,1.0,1.0
349,0.01202029472216888,0.013237905432558972,0.0021982156731519373,0.15463978424668312,0.0932449692627415,0.08843159196909113,0.010011607438137313,1.0196319097685899e-18,0.09227351310972029,0.010688030714165476,1.5130643651575485e-19,0.02071024858667505,0.018936151637161586,0.002772097010165453,0.002425165963359177,0.020675221990772367,0.018969621487485766,0.0018842749996110797,0.0020447949646040797,2200,0.014839412549407745,0.015520111410324684,0.014913418258176556,0.015095479314470672,0.0,0.0,0.0,0.0,0.016727460614640335,0.01749961348231037,0.01671750680116547,0.01708433191513558,0.0,0.0,0.0,0.0,1.0,1.0,1.0,1.0,1.0,1.0,1.0,1.0
350,0.012018935750129606,0.013237109947875834,0.002198199393750548,0.20176322385668755,0.12626486271619797,0.08843123398112233,0.010010621760890945,-3.5819519412144063e-06,0.092277835357336,0.010687781773195976,-4.804975954116123e-19,0.020705048832598605,0.01893282144224645,0.0018886539619415998,0.002121265046298504,0.020705029123016014,0.018932824735879695,0.0020966249285265803,0.002198314992710948,2201,0.014839464049935538,0.015520133331752778,0.01491347490494442,0.0150955391851636,0.0,0.0,0.0,0.0,0.016727537600060384,0.017499654787012944,0.016717607776995495,0.01708442469169894,0.0,0.0,0.0,0.0,1.0,1.0,1.0,1.0,1.0,1.0,1.0,1.0
351,0.012149672499933824,0.013243332770375631,0.0021966230894254167,0.19883596803992987,0.206089589279145,0.08870579206439315,0.010319317470585499,1.2637645067541675e-18,0.09406618965753459,0.011124951652498117,-3.2369201881524675e-19,0.01996022808416382,0.01896712911814984,0.001968825003132224,0.0028032459085807204,0.02078241571394193,0.019002653962044803,0.0022162749664857984,0.0018942650640383363,2300,0.014855941101613302,0.015503809072010561,0.014934950540473722,0.015110436548479461,0.0,0.0,0.0,0.0,0.015948028412211532,0.016537489937891323,0.01581824324228433,0.016232306941325117,0.0,0.0,0.0,0.0,1.0,1.0,1.0,1.0,1.0,1.0,1.0,1.0
352,0.01214943205182557,0.013242603498592475,0.002196607513907195,0.1554893715074286,0.089152155444026,0.08870002799937537,0.01031752637301017,-6.611281303595148e-19,0.09405764731080983,0.011122511159318534,-8.040897098875906e-19,0.019956666437703538,0.0189639770349841,0.002301036030985415,0.002011634991504252,0.019956665412814864,0.018963965213545382,0.002312186057679355,0.0018800749676302075,2301,0.014855970684354613,0.015503827269571759,0.014934985631740097,0.01511047275615938,0.0,0.0,0.0,0.0,0.01594802978251484,0.016537490665207988,0.01581824452690574,0.016232308886904256,0.0,0.0,0.0,0.0,1.0,1.0,1.0,1.0,1.0,1.0,1.0,1.0
353,0.012358979826652437,0.013379456358959589,0.0021950979656683513,0.18003002228215337,0.10933160257991403,0.0889856026152193,0.010330618217770387,1.4055708789301647e-06,0.09424734382305129,0.011129350564562199,-1.1378369901611138e-18,0.020230929645639644,0.01915404990286617,0.0020745149813592434,0.0020094349747523665,0.02024733387679286,0.01918346779243858,0.002190775005146861,0.002407376072369516,2400,0.01485587725085585,0.015468444094373115,0.014931137340126552,0.015094346847606228,0.0,0.0,0.0,0.0,0.015941174403248718,0.016516518716033598,0.01580064786448744,0.016215148503418268,0.0,0.0,0.0,0.0,1.0,1.0,1.0,1.0,1.0,1.0,1.0,1.0
354,0.012358760037477549,0.013378817741206778,0.002195083036126548,0.26734628179110587,0.06078209378756583,0.08897491810122377,0.010328073489883757,1.1755918782527443e-18,0.09423501773693772,0.011126496209426046,-1.6908422619782098e-18,0.020227499485619575,0.019151059168017636,0.004199700080789626,0.002204925986006856,0.020227498132464133,0.019151055246194853,0.002127446001395583,0.0024004860315471888,2401,0.014855874115990299,0.015468448483287666,0.014931139842859192,0.01509435762789455,0.0,0.0,0.0,0.0,0.015941175718051006,0.0165165193532877,0.01580064902130988,0.01621515018356216,0.0,0.0,0.0,0.0,1.0,1.0,1.0,1.0,1.0,1.0,1.0,1.0
355,0.012364954510606194,0.013432624014169125,0.0021936348596791537,0.11362734122667462,0.08249569358304143,0.0889658810088805,0.010277803138625955,-2.4830355636530767e-19,0.09427356709009992,0.011112470952873292,-1.981666464909976e-18,0.020228584973674364,0.01919996733821959,0.0022284149890765548,0.0021179249742999673,0.020242932007990766,0.019194028729888745,0.002506255987100303,0.00223687500692904,2500,0.01484618582991321,0.015459387328262289,0.014918131264299148,0.015083948368646086,0.0,0.0,0.0,0.0,0.015916617195672,0.016503317860326428,0.01578520484070024,0.016203029262626557,0.0,0.0,0.0,0.0,1.0,1.0,1.0,1.0,1.0,1.0,1.0,1.0
356,0.012349431221745168,0.013432046959760332,0.0021936205250537833,0.16920275904703885,0.07957249693572521,0.08895635239825583,0.010275402535919135,-4.949033015509547e-06,0.09426272522098392,0.01111006849060392,-1.7422036634467188e-18,0.020226977642269647,0.019197131878792465,0.0023114150390028954,0.0024801460094749928,0.020225299493566558,0.019197129451729862,0.002407595980912447,0.0021503149764612317,2501,0.014846188694966723,0.015459394044607016,0.014918138423308238,0.015083962740846541,0.0,0.0,0.0,0.0,0.015919285278981798,0.016505793262147763,0.015788553100931055,0.016205790915993556,0.0,0.0,0.0,0.0,1.0,1.0,1.0,1.0,1.0,1.0,1.0,1.0
357,0.0125419861474192,0.01366721133239612,0.0021922289608157105,0.10852233145851642,0.10504257527645677,0.08889900282607832,0.010249867522532596,-3.999936890464936e-06,0.09411434053535017,0.01103977259836438,-2.638743521382079e-18,0.020433798904062533,0.01938080594206707,0.0026194560341537,0.0026125870645046234,0.020441959520016238,0.019384515411902038,0.0024947969941422343,0.002598915947601199,2600,0.01501231562203443,0.015489746178589447,0.014916397602794678,0.014993784814701826,0.0,0.0,0.0,0.0,0.015910638436340604,0.01649076902315625,0.015768814134431746,0.01618311166330012,0.0,0.0,0.0,0.0,1.0,1.0,1.0,1.0,1.0,1.0,1.0,1.0
358,0.0125423767434267,0.013675398029838436,0.0021922151758563047,0.09518655645661056,0.07000560394953936,0.08889093428903602,0.01024743146827412,-7.696048904348365e-06,0.09410355822548835,0.011037350215827565,-3.0264413717060477e-18,0.020431988615658123,0.01937704677811275,0.0022166259586811066,0.0021867359755560756,0.020431668645243033,0.01937807673839842,0.002451765933074057,0.00272232701536268,2601,0.01501586624927846,0.015490424029070539,0.014915754405495859,0.014993007397279991,0.0,0.0,0.0,0.0,0.01591199651770207,0.016491324866658424,0.015769227909288728,0.01618339719371275,0.0,0.0,0.0,0.0,1.0,1.0,1.0,1.0,1.0,1.0,1.0,1.0
359,0.01256804830545055,0.013748758137477562,0.00219087599601277,0.09965929319150746,0.10478984541259706,0.08885325364977865,0.010204793978389531,-6.668196901123847e-06,0.094053526493049,0.011006584401225504,-4.899963011097761e-18,0.02044626965103829,0.01937194793007295,0.00241065607406199,0.0023861860390752554,0.020444453749783514,0.019376651525170447,0.0036520990543067455,0.002015594975091517,2700,0.015025026082908536,0.015481348667619552,0.014913129613944628,0.01498465684072282,0.0,0.0,0.0,0.0,0.015931082692276468,0.01649760653740075,0.015776139648451648,0.016188199815121734,0.0,0.0,0.0,0.0,1.0,1.0,1.0,1.0,1.0,1.0,1.0,1.0
360,0.012567846590131932,0.013765675932013688,0.0021908627204302554,0.1826787181198597,0.06967611890286207,0.08885103698827242,0.010203376507857746,-4.679686174156292e-06,0.09404911765766508,0.01100506431760346,-4.301653897580801e-18,0.020443204258560443,0.019372274566211,0.002328924951143563,0.002275335951708257,0.020443204173291374,0.019369374957423448,0.0022440559696406126,0.002366206026636064,2701,0.015028497070316883,0.015483930686788544,0.014912879923314321,0.014986862330357887,0.0,0.0,0.0,0.0,0.015931086344633954,0.016497608474983504,0.01577614101065926,0.0161882022301201,0.0,0.0,0.0,0.0,1.0,1.0,1.0,1.0,1.0,1.0,1.0,1.0
361,0.012513207375261874,0.013757091053237885,0.002189572152644543,0.11570235423278064,0.04865394055377692,0.08878864771285568,0.010143138704475533,8.487971534209324e-19,0.09400968343526374,0.01096298185712428,-2.5094905442167993e-18,0.02045362568379907,0.01937658098809704,0.0025484670186415315,0.0025989259593188763,0.020448588710217493,0.01937997228587563,0.002406695974059403,0.002851397031918168,2800,0.015006866360787774,0.015481113393807573,0.014899130163212305,0.014978113166030455,0.0,0.0,0.0,0.0,0.01593599850316579,0.016501948848912422,0.015790126467102716,0.016200200661674657,0.0,0.0,0.0,0.0,1.0,1.0,1.0,1.0,1.0,1.0,1.0,1.0
362,0.012513025803491507,0.013756559805381185,0.0021895593504123382,0.11517042433843017,0.06439165363553911,0.08878100136430438,0.010141145075780749,7.242211916104506e-19,0.09400301077310397,0.010961152303371377,-1.843029606711241e-18,0.020450654846758863,0.019374080294663337,0.0028344070306047797,0.0024409560719504952,0.020450658965773517,0.019374078665673797,0.014218615018762648,0.0038627800531685352,2801,0.015006868442866724,0.01548111730189487,0.014899133968348629,0.014978121492774448,0.0,0.0,0.0,0.0,0.015935994442954994,0.016501946374975263,0.015790118973065623,0.01620019634922177,0.0,0.0,0.0,0.0,1.0,1.0,1.0,1.0,1.0,1.0,1.0,1.0
363,0.012499589825784302,0.013745206859761189,0.0021883140147359475,0.12350200582295656,0.07221106963697821,0.08908900954798664,0.010223249178052056,1.2004874495615769e-18,0.09424979979146274,0.011056018987138984,-4.4567692286197356e-18,0.020496774573121438,0.019451426388581376,0.002763647004030645,0.0025407259818166494,0.020488669540986888,0.019443613442414142,0.0023536960361525416,0.0029908569995313883,2900,0.015016658740863787,0.015491901030565278,0.014909043265570437,0.014992836557071187,0.0,0.0,0.0,0.0,0.015944437778293935,0.016510331226915427,0.015808121487058912,0.016214940590804073,0.0,0.0,0.0,0.0,1.0,1.0,1.0,1.0,1.0,1.0,1.0,1.0
364,0.012499403540221889,0.013744688023869049,0.0021883016535098557,0.1031038910150528,0.06966319924686104,0.0890778368781423,0.010220846157917362,7.104812474254383e-19,0.0942398093280487,0.01105373102364108,-4.478478753551103e-18,0.02049387274791699,0.019448975758249346,0.0027263559168204665,0.002384596038609743,0.02049387829656638,0.019448973881602702,0.0024939359864220023,0.015135157038457692,2901,0.015016658199340614,0.015491905169404593,0.014909042638354948,0.014992841994756185,0.0,0.0,0.0,0.0,0.01594443054775123,0.016510326597590393,0.015808109935029548,0.016214932423022677,0.0,0.0,0.0,0.0,1.0,1.0,1.0,1.0,1.0,1.0,1.0,1.0
365,0.012504623463829813,0.013818096192320939,0.0021870985098441874,0.10743060312233865,0.06781446025706828,0.08897334132412803,0.010156193190857024,-2.97793438167224e-06,0.09411310635077738,0.01099795178490198,-3.89658706030069e-18,0.02057508443050672,0.019521122826721297,0.002466576057486236,0.002453705994412303,0.020580858685127157,0.019521971851510538,0.0026618170086294413,0.0026801259955391288,3000,0.015029542105448357,0.015499192293247586,0.014908860889303682,0.014992037250604995,0.0,0.0,0.0,0.0,0.015940076727300117,0.016505628159962378,0.015796604043302635,0.016205702629967282,0.0,0.0,0.0,0.0,1.0,1.0,1.0,1.0,1.0,1.0,1.0,1.0
366,0.01138677059944795,0.011725704068200433,0.0018737594188055567,0.9742435450898483,0.9761760639958084,0.07306472977260152,0.006206664821313844,-7.632783294297951e-19,0.07145343116107161,0.005574553687655554,7.806255641895632e-19,0.016532268781156753,0.019701936354613255,0.00017548096366226673,0.00015000998973846436,0.0,0.0,0.00017615105025470257,0.00018475099932402372,0,0.018637395050886008,0.018822578189809643,0.018888336041518045,0.017908434575169024,0.0,0.0,0.0,0.0,0.02294485293493785,0.023210548654115294,0.022908072649913402,0.022999184460965105,0.0,0.0,0.0,0.0,0.0,0.0,0.0,0.0,1.0,1.0,1.0,1.0
367,0.011385318188424013,0.011722511639040322,0.00187314109819072,0.33095657906960696,0.8788817339809611,0.0729794783795363,0.006182703336577575,0.0,0.07146436572263844,0.005571751201486108,-1.7007092901733403e-20,0.016430363292805707,0.019409073361184827,0.00023637001868337393,0.0001843100180849433,0.016429922264604414,0.01954371402505955,0.004304081085138023,0.00018147006630897522,1,0.0187453160450671,0.01893962037443698,0.018994407976281838,0.018005842610248568,0.0,0.0,0.0,0.0,0.022945016343112953,0.023210714518545117,0.022908265155852855,0.022999456156670126,0.0,0.0,0.0,0.0,0.0,0.0,0.0,0.0,1.0,1.0,1.0,1.0
368,0.012713142433930796,0.012219067180644147,0.001839762693399717,1.0394222610630095,1.2853138655191287,0.08109130850047472,0.0075709719800685,-5.782411586589357e-20,0.08180657396905178,0.007565340944866318,-7.401486830834377e-19,0.01982293015527653,0.018209693592591794,0.3555128810694441,0.0002538710832595825,0.02319444064111916,0.021328233175578595,0.00021344097331166267,0.014581515919417143,100,0.016714169561586962,0.017276868256260913,0.017188007837361102,0.016906582138673912,0.0,0.0,0.0,0.0,0.019340318537372093,0.02072032159819687,0.02013503523063324,0.020133619348712925,0.0,0.0,0.0,0.0,1.0,0.0,0.0,0.0,1.0,1.0,1.0,1.0
369,0.012685399054050313,0.012218564174429323,0.0018395589649838012,0.6221299536991864,0.7001469684764743,0.08092105842913964,0.007541297596747287,7.007823313548691e-19,0.08163418748846342,0.007536497921082557,-1.1574396702295584e-18,0.01899980148643169,0.018169288277375344,0.0002789510181173682,0.0003517910372465849,0.01975796217229995,0.018169547101123604,0.01950514898635447,0.00022478005848824978,101,0.01671442036727813,0.017277240846030707,0.017188157677959757,0.01690677908314409,0.0,0.0,0.0,0.0,0.017828048611722044,0.019143553706223764,0.018102812502722738,0.01826085539688755,0.0,0.0,0.0,0.0,1.0,0.0,1.0,1.0,1.0,1.0,1.0,1.0
370,0.011807932671287366,0.012421384281464953,0.0018241658826074162,1.4428788458462805,0.27927593735512346,0.08391227247472473,0.008079375529748224,-2.1337098754514727e-19,0.08530388589162693,0.008331719110705425,-2.8449465006019638e-19,0.01795884323690056,0.01667589819169234,0.00040812103543430567,0.0003236299380660057,0.020593361394180436,0.018687103189765856,0.0003833610098809004,0.0003672810271382332,200,0.015186287933422752,0.015825559634172776,0.01545843919632275,0.015391871507894467,0.0,0.0,0.0,0.0,0.01617576193412242,0.017322043356628833,0.01642871187531478,0.016556865693956084,0.0,0.0,0.0,0.0,1.0,1.0,1.0,1.0,1.0,1.0,1.0,1.0
371,0.012072775582045137,0.012635561219148137,0.0018240445181614974,1.5472444779006764,0.513922750018537,0.08395549410215589,0.008086151111901156,4.837874235791892e-20,0.08534640640474334,0.008337984918341894,2.211599650647722e-19,0.018293742932474565,0.016910490873699936,0.00031055090948939323,0.00029828003607690334,0.01820316759855309,0.016880912557998673,0.0003293809713795781,0.00034667004365473986,201,0.015251995400020911,0.01589268893855021,0.015535277727299162,0.015493862268552963,0.0,0.0,0.0,0.0,0.016183330408076697,0.017331205391631323,0.016436468005098296,0.016565119317659763,0.0,0.0,0.0,0.0,1.0,1.0,1.0,1.0,1.0,1.0,1.0,1.0
372,0.011073378671772544,0.011791782553507438,0.0018139648262018731,0.8132101574447006,0.8111533336341381,0.08371583256093164,0.008064231807797435,-7.186711543332486e-20,0.08590402368723891,0.008455325489879956,-1.1895246692412392e-19,0.01832273926970949,0.016320912897728034,0.0005691320402547717,0.0004597409861162305,0.017461397272762552,0.016333578433035255,0.00037122098729014397,0.00038722099270671606,300,0.01581026289514531,0.016879713677923916,0.01631124907175898,0.016223007183451828,0.0,0.0,0.0,0.0,0.017278846205932875,0.01806835281583472,0.01764061925921204,0.017028291991411176,0.0,0.0,0.0,0.0,1.0,1.0,1.0,1.0,1.0,0.0,1.0,1.0
373,0.011068580030074576,0.01176473529166423,0.0018138785721396157,0.8400104064494371,0.08194255316630006,0.08375255233845125,0.008066914307506822,-8.401794612993082e-20,0.08592663123335101,0.0084550837731434,-1.4950252179002398e-19,0.018303946200061094,0.01631655857768214,0.016541640972718596,0.011911369976587594,0.018312072991837583,0.01630123570455613,0.0003414810635149479,0.00035776093136519194,301,0.01582222607587588,0.016888837290931488,0.01632688409333042,0.01623130695898223,0.0,0.0,0.0,0.0,0.01727214221478414,0.018058381282585054,0.017630348127466406,0.01701821234822548,0.0,0.0,0.0,0.0,1.0,1.0,1.0,1.0,1.0,0.0,0.0,1.0
374,0.010822833374359605,0.011923020495170928,0.0018063827906909214,0.4591399098280817,0.49295166740193963,0.08449775848209007,0.00841701270735273,-7.083454193571962e-19,0.08637300073851861,0.008780004648722707,-8.480870326997723e-19,0.019244477093747766,0.01703086930238362,0.0006121309706941247,0.0005424909759312868,0.018276979904957975,0.01675253797704563,0.00046913104597479105,0.000481900991871953,400,0.016080502593484775,0.016702587365578756,0.016338506375026256,0.015899286728165273,0.0,0.0,0.0,0.0,0.017993397688880124,0.018642821420918602,0.018080100058570744,0.01778502223867192,0.0,0.0,0.0,0.0,1.0,1.0,1.0,1.0,1.0,1.0,1.0,1.0
375,0.010814216582144801,0.011915846519169408,0.0018063159630875773,0.5332258015405387,0.30903214565478265,0.08445472180922234,0.008407635278551186,3.480986132503349e-19,0.08636718768081425,0.008775769759569719,-8.000498514482835e-19,0.019217520878494706,0.017011990427599585,0.0004379010060802102,0.0004528709687292576,0.019217134989750966,0.017012369742781683,0.0005557419499382377,0.00042017095256596804,401,0.016081373583953406,0.016703677748609442,0.016339187400255643,0.01590016186012808,0.0,0.0,0.0,0.0,0.01799382179529767,0.018643041142164207,0.01808087348390948,0.017785581432414786,0.0,0.0,0.0,0.0,1.0,1.0,1.0,1.0,1.0,1.0,1.0,1.0
376,0.010857481721320842,0.012248319128410722,0.0018003514141361318,0.21331409888807684,0.7801714808447286,0.08408394306588504,0.008298080453383799,-7.569702440626068e-20,0.08608457269222113,0.008629924965723457,-6.398764094341722e-19,0.021487074150521673,0.017724090966570342,0.0005121619906276464,0.0005225510103628039,0.020011197713139188,0.018102989234162634,0.0035965880379080772,0.0006245910190045834,500,0.015883742140206762,0.016545684279797038,0.015996126733831474,0.01588744051096544,0.0,0.0,0.0,0.0,0.01918634884619953,0.019851673536672176,0.019211305181267464,0.019183989521431986,0.0,0.0,0.0,0.0,1.0,1.0,1.0,1.0,1.0,1.0,1.0,1.0
377,0.010851662139666311,0.012246331755423934,0.001800296908394195,0.3386254591168836,0.387980897561647,0.0840912499730541,0.008298271218951688,-4.533578594204359e-19,0.08610163177811293,0.008630675149628711,-8.760196137759467e-19,0.021461913074362494,0.017711980701417284,0.0005277909804135561,0.0005412820028141141,0.021461963169365748,0.017712166944168502,0.0005433220649138093,0.0005130909848958254,501,0.015882668480636505,0.01654408215529739,0.01599471236813709,0.01588572461485034,0.0,0.0,0.0,0.0,0.0191863008505362,0.019851626358918375,0.0192112474940769,0.019183964754287,0.0,0.0,0.0,0.0,1.0,1.0,1.0,1.0,1.0,1.0,1.0,1.0
378,0.010789296595521858,0.012257850026606974,0.0017953457848339208,0.6425196654163301,0.8774648772086948,0.08387665429094932,0.0081691528999944,-4.0032080214849397e-19,0.08589440574249868,0.008490745728266445,4.403528823633433e-19,0.02110192713780086,0.01761788845162473,0.0007305019535124302,0.0007542120292782784,0.020626278749795585,0.017432353402826326,0.000619700993411243,0.0006120920879766345,600,0.016399336265813066,0.017409088876600923,0.01643526361500815,0.016737489826445958,0.0,0.0,0.0,0.0,0.01958254738252099,0.020225375599063844,0.019697857627155643,0.01959957844070243,0.0,0.0,0.0,0.0,1.0,1.0,1.0,1.0,1.0,1.0,1.0,1.0
379,0.010784415600164193,0.012254793367797272,0.0017952997862907738,0.8307999263051897,0.8553211499238387,0.08386896224512953,0.00816393969320931,-3.717264591378872e-19,0.08586449859977811,0.008485154765595257,2.8512352062906046e-19,0.021082625856518614,0.01760792883481146,0.0005961310816928744,0.0005716619780287147,0.021081202610355117,0.017606599676062845,0.0005963610019534826,0.00330255797598511,601,0.016399404135521246,0.017408686090604423,0.016435091376962474,0.01673728660603678,0.0,0.0,0.0,0.0,0.019583684439372456,0.02022650922577597,0.01969923042637465,0.01960079529436638,0.0,0.0,0.0,0.0,1.0,1.0,1.0,1.0,1.0,1.0,1.0,1.0
380,0.010495105582180007,0.011903743756703045,0.0017910689620618538,0.40297714970074594,0.8285583808319643,0.08435446714995215,0.008283306747235203,-6.47630097698008e-20,0.0863605127431476,0.008599560349419605,-2.312964634635743e-19,0.02069815635603601,0.018479539348369996,0.0007143119582906365,0.000715391943231225,0.020623535733412288,0.01742257808464473,0.0008185019250959158,0.0006413219962269068,700,0.017094022256312524,0.017546465611987274,0.01713144369994546,0.016922024546760776,0.0,0.0,0.0,0.0,0.019703284490721513,0.020372356167024427,0.019842305685436306,0.01972745767411941,0.0,0.0,0.0,0.0,1.0,1.0,1.0,1.0,1.0,1.0,1.0,1.0
381,0.010491019668334996,0.011899224530631053,0.0017910291874818033,0.3461468390887603,0.7336681651649997,0.08433767636679765,0.008279170628729335,6.167392384631258e-19,0.08634671578645493,0.008595967208154483,9.932504589481052e-20,0.020681668166818823,0.018466513473708892,0.0007018910255283117,0.0006915020057931542,0.020680484366487437,0.018466264230232926,0.0007067120168358088,0.0006775520741939545,701,0.017094187467098818,0.017546686996579117,0.017131557076651035,0.01692223622822371,0.0,0.0,0.0,0.0,0.01970443445869776,0.02037351016257373,0.01984369070230335,0.019728694916846347,0.0,0.0,0.0,0.0,1.0,1.0,1.0,1.0,1.0,1.0,1.0,1.0
382,0.010506617333486741,0.01156392733584719,0.001787336592698691,0.16803383477963507,0.24990228260867298,0.0856201477560859,0.008645283446428481,0.0,0.0879832493450627,0.00914933544634197,6.010306631472585e-19,0.02067967504337345,0.0182866053108359,0.0007802220061421394,0.0008272830164059997,0.020402751575446996,0.018294601577013354,0.0008207419887185097,0.000770771992392838,800,0.01576197979379454,0.01649133202120781,0.01607689138259291,0.015992074906043357,0.0,0.0,0.0,0.0,0.019919039431084366,0.020648159387294265,0.02010184300170767,0.019958606103957874,0.0,0.0,0.0,0.0,1.0,1.0,1.0,1.0,1.0,1.0,1.0,1.0
383,0.010447404405087674,0.011545959329893454,0.0017873015678253593,0.09895131713710725,0.9549778408836573,0.08561486144829246,0.008642883803666804,-5.972667196958925e-19,0.08797961644794171,0.009147876511267566,5.514015279103717e-19,0.020743270060103538,0.01828555101717727,0.0008088420145213604,0.0008283320348709822,0.02066358060569523,0.018274237790139196,0.0008565819589421153,0.0007465219823643565,801,0.015773780220486068,0.0165062198048538,0.01609191526921105,0.016004672286518133,0.0,0.0,0.0,0.0,0.019993738639339554,0.02073751885903113,0.020193075680191082,0.020039972456548157,0.0,0.0,0.0,0.0,1.0,1.0,1.0,1.0,1.0,1.0,1.0,1.0
384,0.010752427483890508,0.011527832294166264,0.0017840263677009734,0.12143227737396955,0.08022063493262976,0.08627297285260804,0.00897977441393074,-1.9264560706900333e-19,0.0892278634261526,0.00946582511506446,-6.007621301014416e-19,0.019932412372720698,0.019240160232807217,0.0009101319592446089,0.000797441927716136,0.020854928517823335,0.01820077009775329,0.0007607410661876202,0.0008258420275524259,900,0.016965611137194882,0.017814931598658663,0.016982849034817622,0.01735340377714931,0.0,0.0,0.0,0.0,0.019005377868384493,0.01976524302276641,0.019004032141844148,0.019015076927261333,0.0,0.0,0.0,0.0,1.0,1.0,1.0,1.0,1.0,1.0,1.0,1.0
385,0.010748677190993546,0.011523561311481405,0.0017839950857284812,0.10023753682617098,0.2003970955265686,0.08626326824387616,0.008976550056698116,4.961564515937871e-19,0.08920713407775574,0.00946130306075986,-7.679480372095014e-19,0.019919254557326148,0.01922779066364745,0.0008372720330953598,0.000780551927164197,0.019919009304314755,0.019227779744850786,0.0008183320751413703,0.0008158519631251693,901,0.016966105634960635,0.017815270571152595,0.016983424504711388,0.017353867893084407,0.0,0.0,0.0,0.0,0.019005794188767126,0.019765607123118065,0.019004557233961283,0.019015514685003444,0.0,0.0,0.0,0.0,1.0,1.0,1.0,1.0,1.0,1.0,1.0,1.0
386,0.011197696651098113,0.011640563311015198,0.0017810529894562847,0.1280769188888371,0.3678055201889947,0.08620634827614891,0.008919504114220317,1.227523373953112e-18,0.08918108174452978,0.009431548113057306,-1.5364693644366005e-19,0.020442325156234252,0.018559481445629845,0.0009648629929870367,0.002125675091519952,0.020651585419549874,0.019670324023918,0.0009805229492485523,0.000908202026039362,1000,0.01552430111415948,0.016340537603695353,0.015611809897859293,0.015634851510825942,0.0,0.0,0.0,0.0,0.018658578876587575,0.019391546221344702,0.018617148267746582,0.018652575042238734,0.0,0.0,0.0,0.0,1.0,1.0,1.0,1.0,1.0,1.0,1.0,1.0
387,0.011211210523523307,0.011640536891889852,0.0017810247324517568,0.7455196721712127,0.5828393610427156,0.08619561885746903,0.00891635951414944,-9.90327388759357e-21,0.0891674351775615,0.00942791474515845,-1.4524801701803903e-19,0.020464590562670276,0.01855662384578126,0.0008655020501464605,0.0008685319917276502,0.02048139554986938,0.018559203365088903,0.0008455420611426234,0.00082436203956604,1001,0.015520707378180182,0.016336515388766917,0.015606596577465959,0.01563067773680432,0.0,0.0,0.0,0.0,0.018629816865636906,0.019360043552840146,0.018583598354185972,0.018622893070369642,0.0,0.0,0.0,0.0,1.0,1.0,1.0,1.0,1.0,1.0,1.0,1.0
388,0.01122520037495925,0.011834869776099776,0.0017783546096511345,0.6580914128571749,0.3701892328681424,0.08652108353293246,0.008914050123533667,8.02498164538836e-19,0.08984129007821127,0.009475426247482722,-5.260737497799231e-19,0.020674922224013736,0.01854814689823469,0.0009511029347777367,0.0009630919666960835,0.02070863433150932,0.018559205364226092,0.0008963420987129211,0.0008926020236685872,1100,0.015553802727549403,0.016351846684529738,0.01566674044759694,0.015664461216754313,0.0,0.0,0.0,0.0,0.018614424656299807,0.019310542699601876,0.018560706557655255,0.01860116102243745,0.0,0.0,0.0,0.0,1.0,1.0,1.0,1.0,1.0,1.0,1.0,1.0
389,0.011222104576866683,0.011811271363065354,0.0017783288477817927,0.6426610092166811,0.4249628606485203,0.08651105115379558,0.008911320175298307,4.814880599069323e-06,0.08983331230554994,0.009472982889619041,-7.166472743935463e-19,0.020663896415613663,0.01854904612420269,0.033743983949534595,0.0009183919755741954,0.020663616456776356,0.018539069378194977,0.0009613930014893413,0.0009208020055666566,1101,0.015564829833135774,0.016365655240873727,0.015684570132569266,0.01567766044310636,0.0,0.0,0.0,0.0,0.018614856263595755,0.01931092022203224,0.018561218514445935,0.018601616387753046,0.0,0.0,0.0,0.0,1.0,1.0,1.0,1.0,1.0,1.0,1.0,1.0
390,0.011237103897939773,0.011633160302284899,0.0017758849582675278,0.22250523825641721,0.2692265455843881,0.08593906967036342,0.008769538039993393,2.1094237467877974e-19,0.08928474129293315,0.009336890673992009,2.1649348980190552e-19,0.020793594463930413,0.01850531824748128,0.0009914820548146963,0.0009676720947027206,0.020954319238966318,0.01844529287914195,0.0009499919833615422,0.001016122056171298,1200,0.015536462460407168,0.016375862605957324,0.015680600556625124,0.015702251289191574,0.0,0.0,0.0,0.0,0.018408556481723806,0.019094469462010426,0.018324166810568022,0.0183936554813275,0.0,0.0,0.0,0.0,1.0,1.0,1.0,1.0,1.0,1.0,1.0,1.0
391,0.011234406030875157,0.011630290133547248,0.001775861289425485,1.962046416476369,1.2555261886445805,0.08597842318821776,0.008777410027711935,1.1925357228937283e-19,0.08932003894399979,0.009343513830004167,2.3018712790739406e-19,0.020783487595911587,0.018497076087555242,0.0010545420227572322,0.0009902419988065958,0.02078325755219001,0.018496954817356824,0.0011669429950416088,0.0010935720056295395,1201,0.01553679364122883,0.016376071381938372,0.01568088120963083,0.01570250602342666,0.0,0.0,0.0,0.0,0.01840891072103935,0.019094785349917237,0.01832460871683074,0.01839402861448497,0.0,0.0,0.0,0.0,1.0,1.0,1.0,1.0,1.0,1.0,1.0,1.0
392,0.011573657825399004,0.012229806120275336,0.0017736085193001466,0.8703856967622414,0.6542676065582782,0.08638418154904291,0.008897481068088277,-2.261565420532726e-19,0.08980754368648904,0.009480142765412647,-1.7539981812654382e-18,0.020303158782643563,0.018878643577502116,0.0011291630798950791,0.00915999198332429,0.021355971914787344,0.019034146923602724,0.001098611974157393,0.001085691968910396,1300,0.015373535186064718,0.016227525928357175,0.015670506791399898,0.015705328920347688,0.0,0.0,0.0,0.0,0.016962486808273888,0.01772120835682756,0.016943551176869406,0.017275801236721924,0.0,0.0,0.0,0.0,1.0,1.0,1.0,1.0,1.0,1.0,1.0,1.0
393,0.011580990942181695,0.012234678348348798,0.0017735866311395117,0.9504335938254371,0.809535903041251,0.08637691637959767,0.00889523773135674,-5.200318340270961e-19,0.0897969702652738,0.009477313768259462,-2.2669535875921932e-18,0.02031721416829918,0.018885840731023774,0.0011059721000492573,0.001070542959496379,0.020323121208284476,0.018893689228299454,0.001083933049812913,0.0010863030329346657,1301,0.015368479571462786,0.016219343746231876,0.015665739632839782,0.01570044069320863,0.0,0.0,0.0,0.0,0.016957904642710197,0.017714112143696895,0.016939184826826704,0.01727134574144976,0.0,0.0,0.0,0.0,1.0,1.0,1.0,1.0,1.0,1.0,1.0,1.0
394,0.011462656528314347,0.012238319650271633,0.001771497439557792,1.2467557679628953,2.741306332172826,0.08645694081612412,0.008863119827228932,1.3327461739573538e-18,0.08991355296425922,0.009458305190219181,-1.4727204130534136e-18,0.02016340969390764,0.019028218836425196,0.0014088640455156565,0.0012365629663690925,0.02018268204890001,0.01888259775913136,0.0011806129477918148,0.0011745830997824669,1400,0.015499756163843085,0.016397099960794213,0.01579156202828124,0.0158376480331636,0.0,0.0,0.0,0.0,0.016928405395517824,0.017695801288552977,0.016899157065993552,0.017237447213567302,0.0,0.0,0.0,0.0,1.0,1.0,1.0,1.0,1.0,1.0,1.0,1.0
395,0.011460199918096176,0.01223535868658087,0.0017714770846533655,0.40236504015047103,0.30103125679306686,0.0864662136115548,0.008863917713299542,1.2840062117154314e-18,0.08991962401157691,0.009458488246002568,-1.1835811448773529e-18,0.02015498978088931,0.019020612429131237,0.0013224130962044,0.0011308829998597503,0.02015495701381531,0.01902057851379404,0.0011136630782857537,0.0011357630137354136,1401,0.01549994382499059,0.016397219125832526,0.01579176735339756,0.015837841093602204,0.0,0.0,0.0,0.0,0.01692849048149813,0.017695834300717583,0.016899317980402707,0.01723759282239421,0.0,0.0,0.0,0.0,1.0,1.0,1.0,1.0,1.0,1.0,1.0,1.0
396,0.011416139162973894,0.012202250406889159,0.0017695294734940059,0.381247547455132,0.717928065918386,0.08643681306820511,0.008824380801513362,-3.3460063618713444e-06,0.09000682272400895,0.00944370187599527,-9.55147139696101e-19,0.020188275517224383,0.018910771084285415,0.0012993530835956335,0.0012645329115912318,0.020259356770422243,0.019000475666221265,0.0013142930110916495,0.0012692840537056327,1500,0.015399958211249053,0.01627987295651772,0.01569103095570483,0.015720432540656245,0.0,0.0,0.0,0.0,0.016848200484307917,0.017605150555911428,0.016824259575010152,0.017162424976784347,0.0,0.0,0.0,0.0,1.0,1.0,1.0,1.0,1.0,1.0,1.0,1.0
397,0.011413944934627376,0.012205874045296768,0.001769510452532764,0.4377762203803286,0.2139869985403493,0.08642928778835761,0.008822113652057097,-2.8856135190329865e-19,0.08999413680687644,0.009440777871865709,-1.1445987345117762e-18,0.020180430556155853,0.018898514303457237,0.0015584240900352597,0.0012814230285584927,0.020180425509093873,0.018903775213637147,0.0014884240226820111,0.0014565330930054188,1501,0.015395241869505166,0.0162732333740859,0.01568626934654264,0.01571612231953101,0.0,0.0,0.0,0.0,0.01684824878785662,0.017605160128126917,0.016824365460062708,0.017162527461065995,0.0,0.0,0.0,0.0,1.0,1.0,1.0,1.0,1.0,1.0,1.0,1.0
398,0.01114820159531964,0.012018448274525487,0.0017676865735775623,0.42612822295632213,0.600564603577368,0.08667189059018085,0.00885431705558487,1.2973628905184122e-18,0.0903100484353712,0.009491579213369534,-5.0464682937507115e-20,0.01994498394788042,0.01888742793787425,0.0012813539942726493,0.0014540029224008322,0.020043546747077184,0.018828773766490902,0.0012613730505108833,0.0012722130632027984,1600,0.01547589895320547,0.01636367477858693,0.015761829472992102,0.015798060954862195,0.0,0.0,0.0,0.0,0.016730255436759458,0.017498930922657075,0.016699248202920434,0.017056410851228967,0.0,0.0,0.0,0.0,1.0,1.0,1.0,1.0,1.0,1.0,1.0,1.0
399,0.011142825953881032,0.012012945312261448,0.0017676687236562994,0.2503964597126469,0.46592599293217063,0.0866502029634082,0.008850536043027324,-3.971686698481121e-19,0.09028610360713105,0.009487424346009504,1.7441798728779527e-19,0.01993929198869017,0.018882104312159524,0.0012810230255126953,0.0015708539867773652,0.01993782583329238,0.0188808184956386,0.0013035339070484042,0.0013300840510055423,1601,0.015477214216679832,0.016366087811007228,0.0157626998481738,0.015798667004142383,0.0,0.0,0.0,0.0,0.01673099231825701,0.017501165060105944,0.016699473097859248,0.017056879705382322,0.0,0.0,0.0,0.0,1.0,1.0,1.0,1.0,1.0,1.0,1.0,1.0
400,0.011028379424022716,0.011916173498690313,0.00176595389728137,0.2830206186044961,0.46404217707458884,0.08647916299994131,0.008794023214695542,-4.87705114388908e-19,0.0901853194499269,0.00944613754580113,5.382599128316607e-19,0.01980279691689183,0.01981522106943799,0.0014795430470257998,0.001332702930085361,0.019773535577693013,0.018741099859116934,0.401835715980269,0.23147674405481666,1700,0.01662791902386709,0.017469366252926014,0.01667147948445834,0.0170557678435545,0.0,0.0,0.0,0.0,0.016776252212599225,0.01753490570642636,0.016754438578858073,0.017105098652330925,0.0,0.0,0.0,0.0,1.0,1.0,1.0,1.0,1.0,1.0,1.0,1.0
401,0.011026682895968275,0.011913857389759999,0.001765937083556354,0.4738302347250283,0.12063779903110117,0.08648889843222156,0.008795026292828233,1.743639815944706e-19,0.09010268912292627,0.009434886988447405,-5.4488744248272065e-19,0.019796083022897593,0.01980847106724113,0.0014462239341810346,0.001500523998402059,0.01979608914714817,0.019808393767117738,0.0013450030237436295,0.0013683339348062873,1701,0.016628109902425345,0.017469475016742914,0.016671688453479272,0.017055942825043097,0.0,0.0,0.0,0.0,0.016776280221019582,0.01753490507267094,0.01675450909345381,0.01710516991833109,0.0,0.0,0.0,0.0,1.0,1.0,1.0,1.0,1.0,1.0,1.0,1.0
402,0.010898436511308705,0.011556953556651957,0.0017643190911940173,0.5096955297049135,0.24680110113695264,0.08674795904130139,0.008954034628600817,8.176642546225815e-19,0.09054896055529914,0.009632892321637688,-5.977763329379538e-19,0.019627851413110943,0.01948135280744516,0.001450074021704495,0.00153817399404943,0.019685942575491285,0.019690191964812954,0.0015452939551323652,0.001519434037618339,1800,0.016399918842321122,0.017223435496029206,0.01642665361230467,0.016820595363688007,0.0,0.0,0.0,0.0,0.01671279182606135,0.017472585098758747,0.01669935145471473,0.017060322395552226,0.0,0.0,0.0,0.0,1.0,1.0,1.0,1.0,1.0,1.0,1.0,1.0
403,0.010896872195420288,0.011555179857983055,0.0017643032007933245,0.7601431314833462,0.14281285309698433,0.08719975593090816,0.009179335881562332,-1.0280884133692908e-18,0.09099870395948509,0.009857826822739103,-3.1676744185854175e-19,0.019621635737186126,0.01947527915140168,0.001420103944838047,0.0014366040704771876,0.01962161614234633,0.01947530171679731,0.0015148839447647333,0.0030654879519715905,1801,0.01640044478049256,0.01722370332410577,0.01642712826971789,0.01682096832487244,0.0,0.0,0.0,0.0,0.016712815915565112,0.017472596316415567,0.016699389552524518,0.01706034882151939,0.0,0.0,0.0,0.0,1.0,1.0,1.0,1.0,1.0,1.0,1.0,1.0
404,0.010856374534645608,0.011530765112849718,0.001762771764368455,0.3898355800192803,0.1804909985512495,0.08742448497697479,0.009273327350475152,-6.638772526306655e-06,0.09128627985646416,0.009982932110628397,-2.762213534824608e-18,0.01952481000343909,0.019386907612994005,0.001497642952017486,0.0015216029714792967,0.01954887146165578,0.019381355274398618,0.0014897729270160198,0.0014171530492603779,1900,0.016376923543712743,0.017217074419674083,0.016407845102674457,0.016814031552421827,0.0,0.0,0.0,0.0,0.016669126031488072,0.017450365044643923,0.016656953151460978,0.017031999834364618,0.0,0.0,0.0,0.0,1.0,1.0,1.0,1.0,1.0,1.0,1.0,1.0
405,0.010853940249999128,0.011445480160383992,0.0017627567018693377,0.12584763206541538,0.08382123324554414,0.08748092776104895,0.00928047147401988,-2.603521344045933e-06,0.09135258928786594,0.00999854616335528,2.4629338946467224e-19,0.019520853343507956,0.019364342639854114,0.0015365240396931767,0.0014375930186361074,0.019518925043732465,0.019381632952780836,0.0018126450013369322,0.0014801729703322053,1901,0.01634271970667245,0.017182454903820393,0.016375716692795944,0.01678832170862949,0.0,0.0,0.0,0.0,0.01666927362183036,0.017451513524977015,0.016656373011839472,0.0170309788487582,0.0,0.0,0.0,0.0,1.0,1.0,1.0,1.0,1.0,1.0,1.0,1.0
406,0.010786307161902202,0.011338473662459806,0.0017613030939051593,0.2914006329374388,0.23103242984507233,0.08736494165702482,0.009218619554669204,-5.79439951304936e-19,0.09113745601614931,0.009921076283685548,2.424381833499294e-19,0.01963842829131496,0.018387943443453434,0.0018450350034981966,0.020979171968065202,0.01964574257649243,0.019458655040096945,0.0016071139834821224,0.0016568839782848954,2000,0.015191112680178696,0.016045858761310004,0.01541717041547926,0.01555849632719478,0.0,0.0,0.0,0.0,0.016640486524212125,0.017440165558148972,0.016636714568388163,0.017015976591337346,0.0,0.0,0.0,0.0,1.0,1.0,1.0,1.0,1.0,1.0,1.0,1.0
407,0.010781749975864782,0.011337255960976136,0.001761288777917426,0.24584658676758409,0.08273512509185821,0.08735458842780712,0.009216264223866988,-7.0074032171954395e-19,0.09112563587759881,0.009918507373255385,3.0829190979695083e-19,0.019634021568763916,0.01838333407123833,0.0016824740450829268,0.0027761870296671987,0.019632759657098132,0.018383288642269034,0.0016631139442324638,0.00156396406237036,2001,0.015191257086254666,0.016045944583219486,0.015417327828543985,0.015558654123947217,0.0,0.0,0.0,0.0,0.016640697087722665,0.017441529071651005,0.016637100654081513,0.017016728155075267,0.0,0.0,0.0,0.0,1.0,1.0,1.0,1.0,1.0,1.0,1.0,1.0
408,0.010968591994092579,0.011765581446973152,0.001759905524840254,0.15932399593293667,0.530120606534183,0.08857036005473445,0.010096277924179714,-6.333869862086723e-06,0.09239135733094704,0.010765710463279845,-1.058584744410033e-18,0.019610324004768063,0.018245513878226045,0.0018875050591304898,0.0018219940830022097,0.019657963042431337,0.01839530824591473,0.0015912039671093225,0.0016444440698251128,2100,0.014965459709994924,0.015795649349996558,0.015117277427399406,0.015298908568864587,0.0,0.0,0.0,0.0,0.016551962842297097,0.017380378777783822,0.016549062114322895,0.016940767890031735,0.0,0.0,0.0,0.0,1.0,1.0,1.0,1.0,1.0,1.0,1.0,1.0
409,0.010958583156539305,0.012105290006159314,0.0017598918853863532,0.16893862676806748,0.7427223230479285,0.08851153596398681,0.01008372193625468,8.908502648307208e-19,0.09238654191070216,0.010763796779924647,-1.5290728546964324e-18,0.019609931033773176,0.018038583962220304,0.0018015140667557716,0.00251575605943799,0.019604938994827664,0.018241562656308403,0.0017052639741450548,0.0017539049731567502,2101,0.014812581128893526,0.015566312233823792,0.014901606951170685,0.015082346141603637,0.0,0.0,0.0,0.0,0.016555027714147064,0.017385437824234646,0.016552959934329526,0.016944917897353192,0.0,0.0,0.0,0.0,1.0,1.0,1.0,1.0,1.0,1.0,1.0,1.0
410,0.01101174161382902,0.012207055774360367,0.00175857253852155,0.49358926760032773,0.6860417115967721,0.08843159196909113,0.010011607438137313,1.0292692624129056e-18,0.09227351310972029,0.010688030714165476,-4.791691734753713e-19,0.019657225662804926,0.017982367208949808,0.001832253998145461,0.0020014650654047728,0.019625770490359747,0.018047915389851545,0.0018003040459007025,0.0018201140919700265,2200,0.014809852666222038,0.015548484553902236,0.014878228292607541,0.015069560007123343,0.0,0.0,0.0,0.0,0.016617658713383426,0.01743255803377264,0.016605772341232117,0.016990090202956987,0.0,0.0,0.0,0.0,1.0,1.0,1.0,1.0,1.0,1.0,1.0,1.0
411,0.011010401658763321,0.012206280646914923,0.0017585595150004384,0.47154365689493716,0.7029771924717352,0.08843123398112233,0.010010621760890945,-3.485269106391188e-06,0.092277835357336,0.010687781773195976,-6.486910199482351e-19,0.019652060294018885,0.01797899650047129,0.0016649739118292928,0.043937619077041745,0.019652044915819577,0.017979026407302146,0.001693023950792849,0.0017374149756506085,2201,0.014809902305443504,0.01554849960924014,0.014878284488913446,0.015069624430835465,0.0,0.0,0.0,0.0,0.01661773788128543,0.01743259975027688,0.016605891139053724,0.016990198667043658,0.0,0.0,0.0,0.0,1.0,1.0,1.0,1.0,1.0,1.0,1.0,1.0
412,0.011136266896483353,0.012224628405812251,0.0017572984715403335,0.12942252506036311,0.09664455556776375,0.08870579206439315,0.010319317470585499,1.257859065133821e-18,0.09406618965753459,0.011124951652498117,-1.1829337745756738e-18,0.018913789762084264,0.018001006387194013,0.002010965021327138,0.001934005063958466,0.019733944739496072,0.018059347600067444,0.0020506749860942364,0.0018157240701839328,2300,0.014820013920981387,0.015515354013039271,0.014892180911646577,0.015077191064821041,0.0,0.0,0.0,0.0,0.01583776609937982,0.016481350203265785,0.015704107238160143,0.016132023015785202,0.0,0.0,0.0,0.0,1.0,1.0,1.0,1.0,1.0,1.0,1.0,1.0
413,0.011136034174546224,0.012223909953969757,0.0017572860111257562,0.30292459623888135,0.16542960400693119,0.08870002799937537,0.01031752637301017,-5.607783248585169e-19,0.09405764731080983,0.011122511159318534,-3.2945726585437874e-19,0.01891024908235088,0.017997840544451593,0.010185365099459887,0.002718357020057738,0.01891024886918137,0.017997830940135635,0.0019067639950662851,0.0018527550855651498,2301,0.014820050112929539,0.01551537497601838,0.014892219739319893,0.015077234648529256,0.0,0.0,0.0,0.0,0.01583776617286264,0.016481350170958864,0.01570410786680581,0.016132024663109947,0.0,0.0,0.0,0.0,1.0,1.0,1.0,1.0,1.0,1.0,1.0,1.0
414,0.0113472723315546,0.012367163707259888,0.0017560783725346812,0.2561326442519203,0.30926670669578016,0.0889856026152193,0.010330618217770387,1.4473972643791884e-06,0.09424734382305129,0.011129350564562199,-6.436178121073133e-19,0.019181337269023022,0.0181719706444205,0.0020347549580037594,0.0019574949983507395,0.01919714807183181,0.018216519755876882,0.0020290249958634377,0.0021055659744888544,2400,0.014811300170117747,0.01546680618557311,0.014882373659885739,0.015051726409558626,0.0,0.0,0.0,0.0,0.015828122155312048,0.016457512351991867,0.015688480769913048,0.016115743346230664,0.0,0.0,0.0,0.0,1.0,1.0,1.0,1.0,1.0,1.0,1.0,1.0
415,0.01134705986641098,0.012366529819134449,0.0017560664289012382,0.11333123280201107,0.26357888511847705,0.08897491810122377,0.010328073489883757,9.39199531873204e-19,0.09423501773693772,0.011126496209426046,-1.0375783826119948e-18,0.019177929587429598,0.018168977603229892,0.008150449953973293,0.0019160250667482615,0.01917792854360097,0.018168968388717798,0.0018325350247323513,0.0017746740486472845,2401,0.01481129905019148,0.015466816362766271,0.01488237999918411,0.015051743932545552,0.0,0.0,0.0,0.0,0.01582812281902404,0.016457512471249502,0.015688481581565047,0.01611574466594329,0.0,0.0,0.0,0.0,1.0,1.0,1.0,1.0,1.0,1.0,1.0,1.0
416,0.01135016614687312,0.012417061985571094,0.001754907887743323,0.08664982113987207,0.21200848440639675,0.0889658810088805,0.010277803138625955,-2.9524313277409187e-19,0.09427356709009992,0.011112470952873292,-1.8837056097959918e-18,0.019180289145240892,0.01822237323956471,0.0019993550376966596,0.0020900850649923086,0.019193552786145533,0.018210700179360398,0.001969125005416572,0.0021685960236936808,2500,0.01480314686401962,0.015459265744471418,0.014870293501721438,0.015043195271521644,0.0,0.0,0.0,0.0,0.01580582309108059,0.016445707700292328,0.015675030477212117,0.016103998802631816,0.0,0.0,0.0,0.0,1.0,1.0,1.0,1.0,1.0,1.0,1.0,1.0
417,0.011335010858131595,0.012416490973684517,0.0017548964200430265,0.30670984205789864,0.45667387160938233,0.08895635239825583,0.010275402535919135,-4.886345862939915e-06,0.09426272522098392,0.01111006849060392,-1.3885948012327087e-18,0.01917824852989102,0.01821953223198922,0.002144536003470421,0.0020597149850800633,0.01917702401184315,0.0182195265115716,0.002187115023843944,0.0020415650214999914,2501,0.014803151733616498,0.015459275700732135,0.014870302803033671,0.015043214952985622,0.0,0.0,0.0,0.0,0.01580876875614293,0.016448139578235637,0.015678381343317425,0.016106907294324336,0.0,0.0,0.0,0.0,1.0,1.0,1.0,1.0,1.0,1.0,1.0,1.0
418,0.011527249416160042,0.012657449700828481,0.0017537831686525686,0.07588728528935462,0.04254176968242973,0.08889900282607832,0.010249867522532596,-3.987137694096532e-06,0.09411434053535017,0.01103977259836438,-2.6092859529220954e-18,0.019387654514071886,0.018380858357732233,0.0019776748958975077,0.002844286966137588,0.019394215970176543,0.01840379359473436,0.002024125074967742,0.0018833449576050043,2600,0.014945576016599179,0.01547137542278107,0.0148657424688697,0.01494936157270985,0.0,0.0,0.0,0.0,0.015796076306113842,0.01643302269864224,0.015655521295159968,0.016082318247209165,0.0,0.0,0.0,0.0,1.0,1.0,1.0,1.0,1.0,1.0,1.0,1.0
419,0.011527893466118929,0.01266640485695747,0.0017537721406850437,0.1390251824632287,0.05975801276508719,0.08889093428903602,0.01024743146827412,-7.617787260026625e-06,0.09410355822548835,0.011037350215827565,-2.3334680932981118e-18,0.019386070345469613,0.01837585909855386,0.001961785019375384,0.0044573110062628984,0.01938597202916237,0.01837813020830859,0.0019141349475830793,0.0018569639651104808,2601,0.014948933220200442,0.015471444090508327,0.014864454610321976,0.014947477536896807,0.0,0.0,0.0,0.0,0.015797341265895815,0.016433452276667235,0.01565581139650809,0.016082619983702195,0.0,0.0,0.0,0.0,1.0,1.0,1.0,1.0,1.0,1.0,1.0,1.0
420,0.011556925265304477,0.012741914008876427,0.0017527007968102162,0.20106533099897206,0.035096628591418266,0.08885325364977865,0.010204793978389531,-6.624264006609365e-06,0.094053526493049,0.011006584401225504,-4.363618052752569e-18,0.019400975251046164,0.018368817164129837,0.0019890950061380863,0.0020550061017274857,0.019401440960476454,0.018377661736716292,0.001981225097551942,0.0020879650255665183,2700,0.014954181361633331,0.015459971088350897,0.014857660496679135,0.014933807963283372,0.0,0.0,0.0,0.0,0.01581704448148539,0.016438700073016687,0.01566262446581753,0.01608928663603166,0.0,0.0,0.0,0.0,1.0,1.0,1.0,1.0,1.0,1.0,1.0,1.0
421,0.01155673051656007,0.012758839565034695,0.0017526901763442045,0.22005181608255953,0.7044958748156205,0.08885103698827242,0.010203376507857746,-4.6446244323800155e-06,0.09404911765766508,0.01100506431760346,-4.10444024177864e-18,0.019397928638650745,0.01836936028927618,0.002145395032130182,0.0023158059921115637,0.01939792916871159,0.018366247724721927,0.002088834997266531,0.011400877963751554,2701,0.01495807478629464,0.015463230338957076,0.014857546067800084,0.014936388920094952,0.0,0.0,0.0,0.0,0.015817048703726348,0.01643870178875311,0.015662626602399657,0.01608928988047911,0.0,0.0,0.0,0.0,1.0,1.0,1.0,1.0,1.0,1.0,1.0,1.0
422,0.011503470468073564,0.012747202770736599,0.0017516577221156344,0.14918924041558057,0.17153345327824354,0.08878864771285568,0.010143138704475533,6.88715653707985e-19,0.09400968343526374,0.01096298185712428,-1.801982052852399e-18,0.019402199248430535,0.018372779008110827,0.0023763650096952915,0.007339388015680015,0.019397136925970337,0.01837047998885292,0.0021552360849455,0.002142334938980639,2800,0.014937620301244424,0.015463422720817145,0.014845924847814709,0.014930699479094627,0.0,0.0,0.0,0.0,0.01582272768360787,0.016443208665504423,0.015679505377621403,0.016103232438516624,0.0,0.0,0.0,0.0,1.0,1.0,1.0,1.0,1.0,1.0,1.0,1.0
423,0.011503294702068852,0.012746677367819708,0.0017516474803298708,0.2660326830809936,0.05383029475342482,0.08878100136430438,0.010141145075780749,6.764569710337479e-19,0.09400301077310397,0.010961152303371377,-1.44661699899504e-18,0.019399248158267997,0.018370282169951735,0.002108274959027767,0.002173344953916967,0.019399252960847428,0.018370280396952796,0.0023185459431260824,0.0021628750255331397,2801,0.014937624400611596,0.015463428082405407,0.014845929872580411,0.014930711326779115,0.0,0.0,0.0,0.0,0.015822723240325274,0.016443205319466064,0.015679496891632772,0.01610322743320221,0.0,0.0,0.0,0.0,1.0,1.0,1.0,1.0,1.0,1.0,1.0,1.0
424,0.011491162406930374,0.01273658267032456,0.0017506512117887582,0.10429066466167569,0.03913291287608445,0.08908900954798664,0.010223249178052056,1.0934638317216518e-18,0.09424979979146274,0.011056018987138984,-3.933558987009443e-18,0.01945107543983059,0.018449363361232332,0.002674996037967503,0.0025682259583845735,0.019442751722859614,0.01844098193449545,0.002173114917241037,0.002162285032682121,2900,0.014950716180021174,0.015475689639408036,0.014857889504702185,0.014948757430674881,0.0,0.0,0.0,0.0,0.01583277135297932,0.01645239505060556,0.01570028104599414,0.016119760349770612,0.0,0.0,0.0,0.0,1.0,1.0,1.0,1.0,1.0,1.0,1.0,1.0
425,0.01149098158060054,0.01273606842806788,0.0017506413228078846,0.14066419540904462,0.1437790944473818,0.0890778368781423,0.010220846157917362,5.067203105022053e-19,0.0942398093280487,0.01105373102364108,-4.212626943313722e-18,0.01944819133285325,0.01844691772169932,0.002159085008315742,0.002144925994798541,0.019448197063041912,0.01844691322479159,0.0020501050166785717,0.002069995040073991,2901,0.014950717929839423,0.015475696514192649,0.01485789070218245,0.014948766347983564,0.0,0.0,0.0,0.0,0.015832762970222323,0.016452389551377063,0.015700268125400707,0.016119750994796372,0.0,0.0,0.0,0.0,1.0,1.0,1.0,1.0,1.0,1.0,1.0,1.0
426,0.011496399620485567,0.012812475443483979,0.0017496788078753501,0.23475271451752633,0.10126791312359273,0.08897334132412803,0.010156193190857024,-2.9573613100465473e-06,0.09411310635077738,0.01099795178490198,-3.636094158006468e-18,0.01953356141865473,0.018518491502671534,0.002344905980862677,0.0025782169541344047,0.019539579413765672,0.018522327866645108,0.0021900749998167157,0.0022500859340652823,3000,0.014964139550437836,0.01548325513992622,0.01485558777375413,0.014945742630924404,0.0,0.0,0.0,0.0,0.015827268667152693,0.016447150307345577,0.01568679383082944,0.016109301167140648,0.0,0.0,0.0,0.0,1.0,1.0,1.0,1.0,1.0,1.0,1.0,1.0
427,0.01028311183912028,0.01065208581884884,0.0014053195641041676,1.3880783943459392,0.8211084445938468,0.07306472977260152,0.006206664821313844,-1.006139616066548e-18,0.07145343116107161,0.005574553687655554,6.245004513516505e-19,0.015519921769487091,0.018565542183849554,0.00022606994025409222,0.00021033990196883678,0.0,0.0,0.0002969710621982813,0.00021270092111080885,0,0.01877888651753906,0.01897863583760895,0.019063349174427223,0.01805975307574129,0.0,0.0,0.0,0.0,0.022995856071755773,0.023265252682075115,0.022958089570370654,0.023066482791216602,0.0,0.0,0.0,0.0,0.0,0.0,0.0,0.0,0.0,0.0,0.0,1.0
428,0.010282009871079923,0.010646550261207702,0.00140485582364304,0.7405941627221182,0.42079390096478164,0.0729794783795363,0.006182703336577575,-2.0408511482080083e-19,0.07146436572263844,0.005571751201486108,-1.3605674321386722e-19,0.01541672273109999,0.01821716102191119,0.00017619994468986988,0.00017295090947300196,0.015416143738229656,0.018406712731124677,0.00017563009168952703,0.00016185001004487276,1,0.018938794857677212,0.019157646378975397,0.019222294251534565,0.018207638083049923,0.0,0.0,0.0,0.0,0.022996092462923983,0.023265511765155934,0.022958367661495137,0.023066861807809955,0.0,0.0,0.0,0.0,0.0,0.0,0.0,0.0,0.0,0.0,0.0,1.0
429,0.011655464637494964,0.011146020795173734,0.0013798220200497877,0.19596461416222155,0.6386837408645079,0.08109130850047472,0.0075709719800685,1.1564823173178715e-20,0.08180657396905178,0.007565340944866318,-1.0870933782787992e-18,0.018135315239762993,0.017205462179599913,0.011463269009254873,0.0004246010212227702,0.022110400096076323,0.020533931143873738,0.00032595102675259113,0.00026174995582550764,100,0.016747324615422214,0.017274160922372498,0.017251352004314716,0.016944399905628463,0.0,0.0,0.0,0.0,0.017965295455968706,0.019288524268530376,0.018291603206469473,0.018431749416158688,0.0,0.0,0.0,0.0,1.0,0.0,0.0,0.0,1.0,0.0,0.0,1.0
430,0.011627768216651027,0.011145656868224314,0.0013796692237378508,0.5249363018665463,0.4013739930232987,0.08092105842913964,0.007541297596747287,5.973882168926753e-19,0.08163418748846342,0.007536497921082557,-1.150259523391906e-18,0.018057192871864435,0.017164950591890306,0.0002295098965987563,0.0002933499636128545,0.01806469551817953,0.01716497474431921,0.0004992811009287834,0.00030953099485486746,101,0.01674716553643475,0.01727402792873221,0.017251186233054744,0.016944271488143953,0.0,0.0,0.0,0.0,0.017957280792528063,0.01928019748293769,0.018281064492875525,0.018422178032227322,0.0,0.0,0.0,0.0,1.0,0.0,0.0,0.0,1.0,0.0,0.0,1.0
431,0.010774421693796481,0.011369617188264632,0.0013681244119555622,0.6030933520523831,0.08367785019800067,0.08391227247472473,0.008079375529748224,-2.0686577451023424e-19,0.08530388589162693,0.008331719110705425,-3.7816971776294395e-19,0.016898724099771584,0.015649746699608516,0.00035080104134976864,0.0021873851073905826,0.019808033917348963,0.017635329320327697,0.00034297106321901083,0.0003118810709565878,200,0.015194871623077692,0.01583586478408218,0.01548169864303667,0.0153897965715369,0.0,0.0,0.0,0.0,0.01614008248447923,0.01729701133517764,0.0163716250292568,0.016504207384418875,0.0,0.0,0.0,0.0,1.0,0.0,1.0,1.0,1.0,0.0,1.0,1.0
432,0.01104086859626138,0.011584149921067606,0.001368033388621123,0.6092778918100521,0.39536177448462695,0.08395549410215589,0.008086151111901156,-2.0733746724822395e-20,0.08534640640474334,0.008337984918341894,3.5247369432198075e-19,0.01725727043500353,0.015917206640170736,0.00034692103508859873,0.00033313094172626734,0.017146088262731424,0.015857800055472313,0.00032043096143752337,0.0003493210533633828,201,0.015272454052775266,0.01592165534277033,0.015578845023377887,0.01553119534050716,0.0,0.0,0.0,0.0,0.016145891851327476,0.01730283443540204,0.01637833342183408,0.016512382941018096,0.0,0.0,0.0,0.0,1.0,0.0,1.0,1.0,1.0,0.0,1.0,1.0
433,0.010023428823597906,0.010735009282910834,0.001360473619651405,0.3575637098401785,0.13426614797208458,0.08371583256093164,0.008064231807797435,3.9650822308041305e-20,0.08590402368723891,0.008455325489879956,-1.9329775875170137e-19,0.01727047851367066,0.01548745178200785,0.000594101962633431,0.0004132710164412856,0.016423931842530125,0.01540122343817639,0.00043031107634305954,0.0003795009106397629,300,0.01579385370813731,0.016834051726759922,0.016300269256680922,0.016191738197315574,0.0,0.0,0.0,0.0,0.017230275128630693,0.018024094181712427,0.017563420531002117,0.016973709342249132,0.0,0.0,0.0,0.0,1.0,0.0,0.0,1.0,0.0,0.0,0.0,0.0
434,0.01002109405458616,0.01070881403665427,0.0013604089291047118,0.5843250930774957,0.21798443526495248,0.08375255233845125,0.008066914307506822,-1.927470528863119e-19,0.08592663123335101,0.0084550837731434,-8.648906219257585e-20,0.017252592016778603,0.015474774633248381,0.0006488820072263479,0.0004234209191054106,0.017262837439720888,0.015467314533399851,0.0004135009367018938,0.000394391012378037,301,0.015802269995510248,0.01683778200994076,0.016315647533638986,0.016194886674670235,0.0,0.0,0.0,0.0,0.017219589506629128,0.018008881320716683,0.017550017313509747,0.016959405196104983,0.0,0.0,0.0,0.0,1.0,0.0,0.0,1.0,0.0,0.0,0.0,0.0
435,0.009792302989939208,0.0108624056760655,0.0013547870930181911,0.6054064711788669,0.15105779259465635,0.08449775848209007,0.00841701270735273,-6.206455102939243e-19,0.08637300073851861,0.008780004648722707,-8.42304621113183e-19,0.018171545751981707,0.016158416991145536,0.008853942039422691,0.0005108510376885533,0.01723817213222752,0.01592014162976276,0.00045833096373826265,0.0004885309608653188,400,0.016013772311029226,0.01663625557694545,0.016280519939170957,0.0158384734230244,0.0,0.0,0.0,0.0,0.017902647083756926,0.018567902276691983,0.01795382623951464,0.017685815873660724,0.0,0.0,0.0,0.0,1.0,0.0,1.0,1.0,1.0,0.0,0.0,1.0
436,0.009783783106242542,0.010855466636226833,0.001354736972315683,0.5322789339115843,0.8035141517175362,0.08445472180922234,0.008407635278551186,3.2309705539257604e-19,0.08636718768081425,0.008775769759569719,-9.500591985948368e-19,0.018144838438123388,0.016138811943043396,0.0004944520769640803,0.00047745101619511843,0.0181444479623361,0.01613973835910534,0.0004889910342171788,0.0004938009660691023,401,0.016014503897276294,0.016637207704074047,0.016281049456680723,0.01583913083267713,0.0,0.0,0.0,0.0,0.01790319015019027,0.018568188326066864,0.01795478059164457,0.017686475722589735,0.0,0.0,0.0,0.0,1.0,0.0,1.0,1.0,1.0,0.0,0.0,1.0
437,0.009850186798334206,0.011218105977713258,0.001350263560602099,0.8006389572983608,0.19085037196055055,0.08408394306588504,0.008298080453383799,-8.515915245704325e-20,0.08608457269222113,0.008629924965723457,-8.17094182718621e-19,0.020476933077441486,0.016721165970629025,0.0006928419461473823,0.000601990963332355,0.018960285057894724,0.01731780731109235,0.012745021958835423,0.0005798110505566001,500,0.015815243675958445,0.016518380472955008,0.01590442639648001,0.015824821516388914,0.0,0.0,0.0,0.0,0.019165765044762025,0.019831406819400533,0.01919149506986179,0.019163707466159783,0.0,0.0,0.0,0.0,1.0,1.0,1.0,1.0,1.0,1.0,1.0,1.0
438,0.009844398299646232,0.011216185293521742,0.001350222681295646,0.6335286605171859,0.43995910603553057,0.0840912499730541,0.008298271218951688,-3.557599869063143e-19,0.08610163177811293,0.008630675149628711,-8.909741264998846e-19,0.02045179430804623,0.016708939529612107,0.0005479309475049376,0.0005439519882202148,0.02045185829571919,0.016709260251444258,0.0005241109756752849,0.0005545819876715541,501,0.01581373473973983,0.016516146323214152,0.015902464546418183,0.015822335629380974,0.0,0.0,0.0,0.0,0.019165700346506744,0.019831342126019443,0.01919141613653914,0.019163673408293523,0.0,0.0,0.0,0.0,1.0,1.0,1.0,1.0,1.0,1.0,1.0,1.0
439,0.009770598112991394,0.011246264210131992,0.0013465093386254405,0.7187248138943687,1.0566232791170478,0.08387665429094932,0.0081691528999944,-3.1892223904496686e-19,0.08589440574249868,0.008490745728266445,4.910601839688192e-19,0.020279603895956868,0.016598317369892618,0.0006599919870495796,0.0005922609707340598,0.019617929530296015,0.01647920986131103,0.0006337820086628199,0.0006988809909671545,600,0.016337872541407908,0.017360434658118293,0.0163620307898878,0.016668507737905968,0.0,0.0,0.0,0.0,0.019714187146570982,0.020360019158322442,0.019866306312166924,0.019739562365894782,0.0,0.0,0.0,0.0,1.0,0.0,1.0,1.0,1.0,0.0,1.0,0.0
440,0.009765694622303986,0.01124319867441788,0.0013464748397180803,0.5260289575671777,0.7155459183268249,0.08386896224512953,0.00816393969320931,-2.344941104239002e-19,0.08586449859977811,0.008485154765595257,1.8919411181928312e-19,0.020261223228862972,0.016588882635293293,0.0006441909354180098,0.0007253419607877731,0.020258538199695066,0.01658703273155166,0.0006684620166197419,0.0006387019529938698,601,0.016338019014724817,0.017359841209968006,0.0163618538638258,0.01666831072888827,0.0,0.0,0.0,0.0,0.019716284959371517,0.020362206003651642,0.01986896928191085,0.019741899385941623,0.0,0.0,0.0,0.0,1.0,0.0,1.0,1.0,1.0,0.0,1.0,0.0
441,0.009481964441422595,0.010886589659202148,0.0013433017215463904,0.3023738490883261,0.5464559104293585,0.08435446714995215,0.008283306747235203,9.71445146547012e-20,0.0863605127431476,0.008599560349419605,-2.69460379935064e-19,0.019844431250898516,0.017501862418263535,0.0007228519534692168,0.0006713609909638762,0.019792875265514008,0.016405314452545595,0.008701622020453215,0.0006025509210303426,700,0.01705161252969326,0.017537500520166546,0.017065599208646677,0.016873948750754948,0.0,0.0,0.0,0.0,0.019824679980064337,0.020496266254673223,0.020000092269085,0.019859367837821787,0.0,0.0,0.0,0.0,1.0,0.0,0.0,0.0,1.0,0.0,1.0,1.0
442,0.009477856712679745,0.010882091131313797,0.0013432718906113525,0.16303840395994484,0.20350029913242906,0.08433767636679765,0.008279170628729335,6.028799297336174e-19,0.08634671578645493,0.008595967208154483,4.2501880103825897e-19,0.019828156953458086,0.017488917834123208,0.0006796809611842036,0.0007855920121073723,0.019826525776806006,0.01748855541699649,0.0007183320121839643,0.0007618620293214917,701,0.017051839574309887,0.017537809477040787,0.0170657766689111,0.0168742649096534,0.0,0.0,0.0,0.0,0.01982624296805857,0.020497889833511876,0.020002020870748954,0.01986109038103788,0.0,0.0,0.0,0.0,1.0,0.0,0.0,0.0,1.0,0.0,1.0,1.0
443,0.009487680267620879,0.010545765284544581,0.0013405024445240182,0.2387742759892717,0.5994090019958094,0.0856201477560859,0.008645283446428481,-4.0817022964160166e-20,0.0879832493450627,0.00914933544634197,4.98477892949806e-19,0.019830414585880585,0.017317667354124714,0.0008520219707861543,0.0007643819553777575,0.019534258535306947,0.01731392911049761,0.0007938119815662503,0.0007818019948899746,800,0.015747015789849318,0.016523356196192412,0.016039172273793208,0.015960514359365078,0.0,0.0,0.0,0.0,0.02002417156158285,0.020758801087386692,0.020242063405331932,0.020077257869281193,0.0,0.0,0.0,0.0,0.0,0.0,0.0,0.0,1.0,1.0,1.0,1.0
444,0.009426478601436373,0.010527703678330958,0.0013404761758690194,0.6642605676315725,0.24050479754805565,0.08561486144829246,0.008642883803666804,-1.83460767142083e-19,0.08797961644794171,0.009147876511267566,6.782952251836458e-19,0.0199071858803688,0.0173170144698,0.0007948720594868064,0.0007229319307953119,0.019814102725284458,0.01730527144902391,0.0007782020838931203,0.0007419319590553641,801,0.015757976721326866,0.016537188207129776,0.016053588479259105,0.0159723045583519,0.0,0.0,0.0,0.0,0.020108888870545117,0.020859011407383894,0.020345152643551332,0.02016980146576212,0.0,0.0,0.0,0.0,0.0,0.0,0.0,0.0,1.0,1.0,1.0,1.0
445,0.009732947279353164,0.010491430745395876,0.00133801977577573,0.11754845280665904,0.24213091225828975,0.08627297285260804,0.00897977441393074,-2.9672901562761175e-19,0.0892278634261526,0.00946582511506446,-5.514594628894692e-19,0.018842099569090963,0.01823954571808,0.0009216819889843464,0.0008439520606771111,0.0200343682419852,0.017228508444715032,0.0007922720396891236,0.000807311967946589,900,0.01679924717177783,0.01770811451856303,0.016801926288461805,0.017203720594091886,0.0,0.0,0.0,0.0,0.018818814324129168,0.019599686333222496,0.018791353255604777,0.018823160084572122,0.0,0.0,0.0,0.0,1.0,0.0,1.0,1.0,1.0,1.0,1.0,1.0
446,0.009729254225713786,0.010487259804900518,0.001337996314296361,0.5621579319704324,0.2606293021235615,0.08626326824387616,0.008976550056698116,3.8853428010837004e-19,0.08920713407775574,0.00946130306075986,-5.910098908690699e-19,0.018829088027950094,0.01822712136903103,0.0008341219509020448,0.0007948920829221606,0.018828827703531975,0.018227227292331644,0.0008172719972208142,0.0007980120135471225,901,0.016799753073969935,0.017708435014263765,0.016802579380763752,0.017204243760794734,0.0,0.0,0.0,0.0,0.018819306994471294,0.019600134326282954,0.018791989446592244,0.018823720174638105,0.0,0.0,0.0,0.0,1.0,0.0,1.0,1.0,1.0,1.0,1.0,1.0
447,0.01016647338004967,0.010574227626154474,0.0013357897420922134,0.15050571283791214,0.922461271751672,0.08620634827614891,0.008919504114220317,1.3101292537615315e-18,0.08918108174452978,0.009431548113057306,-1.6686387721300715e-19,0.019323604087468138,0.017720896095853977,0.0009435319807380438,0.0008857320062816143,0.01953608727273028,0.018610834467452705,0.13709084002766758,0.0009090519743040204,1000,0.01549269812305898,0.016446590188250714,0.015583293829514755,0.01569403736618439,0.0,0.0,0.0,0.0,0.01843962723422246,0.01919355070571089,0.018363673287258575,0.018425899509222708,0.0,0.0,0.0,0.0,1.0,1.0,1.0,1.0,1.0,1.0,1.0,1.0
448,0.010178855101728789,0.010573935522874767,0.0013357685493388177,0.1104455515742302,1.1768686327850446,0.08619561885746903,0.00891635951414944,-3.367113121781814e-19,0.0891674351775615,0.00942791474515845,-4.093353206872009e-19,0.019343684038324982,0.017716861866364376,0.0008993319934234023,0.0009000720456242561,0.019359323684851822,0.01771944585966926,0.0008896919898688793,0.0008688520174473524,1001,0.01548942817499504,0.016443183988904285,0.015578537232125904,0.015689878116850978,0.0,0.0,0.0,0.0,0.018408753002436336,0.01916082291161681,0.01832705746654954,0.018394829047058674,0.0,0.0,0.0,0.0,1.0,1.0,1.0,1.0,1.0,1.0,1.0,1.0
449,0.010202537147436677,0.010782088642007606,0.0013337659572383509,0.20110300986561924,0.27034707530401647,0.08652108353293246,0.008914050123533667,1.0921215622671377e-18,0.08984129007821127,0.009475426247482722,-6.629660588624406e-19,0.019548172019651883,0.017665828851669944,0.0009832119103521109,0.0009381819982081652,0.019577485109852712,0.01772251451666839,0.000985851977020502,0.0009570530382916331,1100,0.015501171763562652,0.016420153010629036,0.015613166497659066,0.015691200408503397,0.0,0.0,0.0,0.0,0.018402709029289453,0.019124002145568853,0.018321769468645836,0.01839002723540902,0.0,0.0,0.0,0.0,1.0,1.0,1.0,1.0,1.0,1.0,1.0,1.0
450,0.010199497225277465,0.010758690414157737,0.0013337466358363445,0.8119759960100055,0.7260939769912511,0.08651105115379558,0.008911320175298307,4.7387816538751465e-06,0.08983331230554994,0.009472982889619041,-4.988648744989775e-19,0.01953732069125614,0.017663627996988063,0.0010040519991889596,0.0009482329478487372,0.01953701278417879,0.01765667507307675,0.0010683630825951695,0.00097696203738451,1101,0.015510600728407516,0.016430797528346506,0.015629393741159067,0.015700425556053915,0.0,0.0,0.0,0.0,0.018403224626506665,0.019124478347247315,0.018322435978950672,0.018390595029543065,0.0,0.0,0.0,0.0,1.0,1.0,1.0,1.0,1.0,1.0,1.0,1.0
451,0.010206371264378365,0.010566420024842864,0.001331913718700646,0.17182690335903317,0.6989585428964347,0.08593906967036342,0.008769538039993393,1.887379141862766e-19,0.08928474129293315,0.009336890673992009,1.5265566588595902e-19,0.01965590432502881,0.01768245787206861,0.0011451028985902667,0.001163593027740717,0.01982070344277622,0.017565131762957,0.0011088729370385408,0.001138493069447577,1200,0.015491971129723017,0.016478399948790325,0.015666978738921554,0.015758326480675048,0.0,0.0,0.0,0.0,0.01818383323614003,0.018899936168785655,0.018063953540134695,0.018172508032721267,0.0,0.0,0.0,0.0,1.0,1.0,1.0,1.0,1.0,1.0,1.0,1.0
452,0.01020373063749554,0.010563573988899448,0.0013318959670691138,0.2929159158375114,0.2536427283193916,0.08597842318821776,0.008777410027711935,1.927470528863119e-19,0.08932003894399979,0.009343513830004167,9.706686116576858e-20,0.019645965971931068,0.01767422367025212,0.0012728829169645905,0.001155962934717536,0.0196457100493083,0.01767397604774702,0.001056583016179502,0.0010058429324999452,1201,0.015492231777631925,0.01647864793063423,0.015667181961509225,0.01575862813426444,0.0,0.0,0.0,0.0,0.018184270733728213,0.018900305030384583,0.018064520282602133,0.018172966676825688,0.0,0.0,0.0,0.0,1.0,1.0,1.0,1.0,1.0,1.0,1.0,1.0
453,0.010560198080506206,0.011177315421966677,0.00133020638947511,1.2343133804388344,0.41506465966813266,0.08638418154904291,0.008897481068088277,-2.981154417974957e-19,0.08980754368648904,0.009480142765412647,-1.8690039228209377e-18,0.019227080582844717,0.01802175759826271,0.001230113091878593,0.00114125304389745,0.020236821011328704,0.01821826705384438,0.0011242320761084557,0.0011011929018422961,1300,0.015338501438335752,0.01630905234953754,0.01563766571548623,0.015721438636652846,0.0,0.0,0.0,0.0,0.016853767893690332,0.01765155776457093,0.016822535083671757,0.017168339183719697,0.0,0.0,0.0,0.0,1.0,1.0,1.0,1.0,1.0,1.0,1.0,1.0
454,0.01056817539655536,0.011182884997283548,0.0013301899733546337,0.38677732460200787,0.8577548123430461,0.08637691637959767,0.00889523773135674,-5.200318340270961e-19,0.0897969702652738,0.009477313768259462,-1.3360324032227001e-18,0.019242232435875504,0.018027189010189827,0.0011342429788783193,0.0011019230587407947,0.019248872635837785,0.018038587251899822,0.0014591040089726448,0.0010132630122825503,1301,0.015332252812917967,0.016298447510253652,0.015631094982067332,0.015714577734071967,0.0,0.0,0.0,0.0,0.016848891953226114,0.017643739010611684,0.016818465794019733,0.01716417007262521,0.0,0.0,0.0,0.0,1.0,1.0,1.0,1.0,1.0,1.0,1.0,1.0
455,0.01044454412735307,0.011182843538621864,0.001328623079668344,0.15760746609885246,0.18009840184822679,0.08645694081612412,0.008863119827228932,1.5552693232895512e-18,0.08991355296425922,0.009458305190219181,-1.881875881180357e-18,0.01909519023482458,0.018215298971630645,0.001298283925279975,0.001283382996916771,0.019110470502109896,0.018008403030643653,0.0025592760648578405,0.0011580230202525854,1400,0.015509150633749426,0.01652235473835816,0.01578813595809139,0.01591218324550021,0.0,0.0,0.0,0.0,0.016818590058189167,0.017628405893913353,0.01676870193330837,0.01712386806502001,0.0,0.0,0.0,0.0,1.0,1.0,1.0,1.0,1.0,1.0,1.0,1.0
456,0.01044213928603721,0.011179933459708632,0.0013286078134900241,0.48548273008782417,1.1163205954944715,0.0864662136115548,0.008863917713299542,1.3892134245934182e-18,0.08991962401157691,0.009458488246002568,-1.3258499895646307e-18,0.01908678357561055,0.01820747253242016,0.0012391930213198066,0.0011898130178451538,0.019086823578555557,0.018207542620377524,0.0011385329999029636,0.0011098330141976476,1401,0.015509369122232376,0.016522431843928927,0.015788312203837033,0.015912400405600078,0.0,0.0,0.0,0.0,0.0168186517841996,0.01762840745615741,0.016768889586426774,0.017124031511740127,0.0,0.0,0.0,0.0,1.0,1.0,1.0,1.0,1.0,1.0,1.0,1.0
457,0.010401078188196666,0.011144428141323163,0.0013271471051205044,0.9043580965371802,0.5649416699307039,0.08643681306820511,0.008824380801513362,-3.265011212648624e-06,0.09000682272400895,0.00944370187599527,-7.783172627900779e-19,0.01911172709614463,0.01806308255991547,0.0015760340029373765,0.0012994629796594381,0.01918410699379671,0.01817426620850013,0.005422502988949418,0.0012792230118066072,1500,0.015380383199255339,0.016387749512483098,0.015673469033951132,0.015758329610670023,0.0,0.0,0.0,0.0,0.01673434797771921,0.017536115291953227,0.016692744209242848,0.01704728814458379,0.0,0.0,0.0,0.0,1.0,1.0,1.0,1.0,1.0,1.0,1.0,1.0
458,0.01039892409735784,0.011148312389242533,0.001327132839399573,0.20829236728604883,0.3417315110564232,0.08642928778835761,0.008822113652057097,-3.5343173333892395e-19,0.08999413680687644,0.009440777871865709,-1.008356952811309e-18,0.019103912549363045,0.018048977713587912,0.001341002993285656,0.001207923050969839,0.019103956918847545,0.018056009023008884,0.35945546196307987,0.0012399929109960794,1501,0.015375012056017913,0.01638014760241502,0.015668185618899134,0.015753273833259595,0.0,0.0,0.0,0.0,0.01673436369049423,0.017536091593789327,0.01669286762237644,0.01704740722792374,0.0,0.0,0.0,0.0,1.0,1.0,1.0,1.0,1.0,1.0,1.0,1.0
459,0.010128465859594898,0.010966715984858297,0.0013257649301831717,0.07049310207366943,0.12058555032126606,0.08667189059018085,0.00885431705558487,1.3751626100470689e-18,0.0903100484353712,0.009491579213369534,5.0464682937507115e-20,0.018871798134476758,0.01804006356979207,0.005652174004353583,0.0028080668998882174,0.01896988590798848,0.01797905433164214,0.001656634034588933,0.0013664040016010404,1600,0.015473203529997584,0.016476434723921598,0.015743708354277144,0.015850070115877378,0.0,0.0,0.0,0.0,0.01660711677228885,0.017427269093456,0.016556347482679524,0.016932744298013797,0.0,0.0,0.0,0.0,1.0,1.0,1.0,1.0,1.0,1.0,1.0,1.0
460,0.010122522669959638,0.010961037055871117,0.0013257515427422244,0.07482363702729344,0.06271155586000532,0.0866502029634082,0.008850536043027324,-5.243046726301797e-19,0.09028610360713105,0.009487424346009504,-3.572416607099421e-20,0.018867424481711623,0.01803510231138295,0.0013216029619798064,0.001229732995852828,0.018864711085910688,0.018033379459955964,0.0019785250769928098,0.0012531339889392257,1601,0.015474390706402474,0.016479006897509745,0.015744458967715785,0.0158503281481044,0.0,0.0,0.0,0.0,0.0166085152138214,0.017430255947227552,0.01655672647027583,0.016933234107843427,0.0,0.0,0.0,0.0,1.0,1.0,1.0,1.0,1.0,1.0,1.0,1.0
461,0.010015585620845058,0.010873697247798311,0.0013244654229610275,0.23835270141717046,0.24705672136042267,0.08647916299994131,0.008794023214695542,-5.774150998608515e-19,0.0901853194499269,0.00944613754580113,3.4694469519536144e-19,0.018729825740716965,0.018776498296949357,0.013483143993653357,0.0014940929831936955,0.01870863287057801,0.017894083615280394,0.001343954005278647,0.001296992995776236,1700,0.016465452623182997,0.017394728099449055,0.016522720978582404,0.016932601906329177,0.0,0.0,0.0,0.0,0.01665120932115792,0.017460528949907357,0.016616761540379568,0.016986711536709026,0.0,0.0,0.0,0.0,1.0,1.0,1.0,1.0,1.0,1.0,1.0,1.0
462,0.010013918090043364,0.010871426280837948,0.0013244528126672656,0.8702023163205013,0.15771351708099246,0.08648889843222156,0.008795026292828233,3.1702542108085567e-20,0.09010268912292627,0.009434886988447405,-1.5058707501340645e-19,0.018723138855936253,0.018769715149635005,0.01285773201379925,0.0017653440590947866,0.018723181367795827,0.018769714041702214,0.0015458139823749661,0.0019986650440841913,1701,0.016465643253529425,0.01739480767153726,0.01652294744583425,0.01693278644251018,0.0,0.0,0.0,0.0,0.016651207332228385,0.017460503104492042,0.016616848201658863,0.016986793684631293,0.0,0.0,0.0,0.0,1.0,1.0,1.0,1.0,1.0,1.0,1.0,1.0
463,0.009887076017136166,0.010505727627513202,0.001323239318395513,0.07662096456624568,0.09134536678902805,0.08674795904130139,0.008954034628600817,7.398361202949734e-19,0.09054896055529914,0.009632892321637688,-3.942979576477013e-19,0.018554975021380045,0.018476039376770732,0.0015105529455468059,0.0014664940536022186,0.018622850036637474,0.01865693865233199,0.00140337401535362,0.0216898430371657,1800,0.016245537991618424,0.017163938027467462,0.01629145708746986,0.01671638717531137,0.0,0.0,0.0,0.0,0.016574171754362457,0.01738774855774048,0.016556544722521566,0.016938221045595885,0.0,0.0,0.0,0.0,1.0,1.0,1.0,1.0,1.0,1.0,1.0,1.0
464,0.009885578098083516,0.010503948514687911,0.0013232274005949933,0.5274696832057089,0.12806242378428578,0.08719975593090816,0.009179335881562332,-1.0524551396661017e-18,0.09099870395948509,0.009857826822739103,-8.89385509833598e-19,0.018548765385230117,0.018469534028579968,0.0014590340433642268,0.0014565730234608054,0.01854879491806949,0.018470008890750778,0.001497974037192762,0.001487403060309589,1801,0.016245563306086442,0.017163823872821667,0.016291139969476835,0.01671602073558245,0.0,0.0,0.0,0.0,0.01657414677137687,0.017387721181565577,0.01655657962992021,0.016938258811684998,0.0,0.0,0.0,0.0,1.0,1.0,1.0,1.0,1.0,1.0,1.0,1.0
465,0.009839654950545996,0.010469328835888886,0.0013220788232763414,0.45892750611528754,0.6142408550949767,0.08742448497697479,0.009273327350475152,-6.494631235659163e-06,0.09128627985646416,0.009982932110628397,-1.6012832085939759e-18,0.018450521466821013,0.018405665171254377,0.001527232932858169,0.001532724010758102,0.01847501388974825,0.018365088288440287,0.010858027031645179,0.0015683240490034223,1900,0.01623109568002186,0.017176300248499202,0.016289009882296982,0.01672895841260413,0.0,0.0,0.0,0.0,0.01652333119231792,0.01736454361853823,0.0165079672264266,0.01690452695147125,0.0,0.0,0.0,0.0,1.0,1.0,1.0,1.0,1.0,1.0,1.0,1.0
466,0.009837057490697527,0.010376220356172824,0.0013220675264020033,0.09704619320109487,0.1939487069612369,0.08748092776104895,0.00928047147401988,-2.556871335898617e-06,0.09135258928786594,0.00999854616335528,-1.4226332965468433e-20,0.018447419907813734,0.01840546605520133,0.0016895739827305079,0.007199167972430587,0.0184446868702405,0.018402421802313843,0.001743623986840248,0.03536582796368748,1901,0.016203105484085982,0.0171518749568299,0.016273352656696674,0.01671806059894193,0.0,0.0,0.0,0.0,0.016524443369011776,0.01736635715572957,0.016507671807706178,0.01690339108864331,0.0,0.0,0.0,0.0,1.0,1.0,1.0,1.0,1.0,1.0,1.0,1.0
467,0.009765057915051674,0.010265445102958253,0.0013209773204288695,0.13856240175664425,0.06557839037850499,0.08736494165702482,0.009218619554669204,-9.13691547895589e-19,0.09113745601614931,0.009921076283685548,-4.3579638542831986e-20,0.01856552856878537,0.017631068666394294,0.0019540650537237525,0.001639363938011229,0.018568811625242848,0.018482960596439443,0.0018514550756663084,0.0016644239658489823,2000,0.015293318801386846,0.016261456581419705,0.015522379001688649,0.015731155674940187,0.0,0.0,0.0,0.0,0.01649209076056816,0.017355870369420236,0.01648512291301583,0.01688651971926475,0.0,0.0,0.0,0.0,1.0,1.0,1.0,1.0,1.0,1.0,1.0,1.0
468,0.009760227639956816,0.010264260725190589,0.0013209665834380696,0.15602856234181672,0.05852076469454914,0.08735458842780712,0.009216264223866988,-7.660779075407084e-19,0.09112563587759881,0.009918507373255385,3.5015871236196886e-19,0.018561579859118358,0.017626299248859438,0.0018370739417150617,0.0017902239924296737,0.018559907865450257,0.017626293037252414,0.0016674540238454938,0.005591753986664116,2001,0.015293478762324706,0.01626152289415059,0.015522532912690328,0.01573134410129708,0.0,0.0,0.0,0.0,0.016492403930194376,0.017357636805581493,0.016485565666423677,0.016887436309572977,0.0,0.0,0.0,0.0,1.0,1.0,1.0,1.0,1.0,1.0,1.0,1.0
469,0.009932193315067703,0.010655843296499608,0.0013199291436301905,0.4733926011249423,0.13506177347153425,0.08857036005473445,0.010096277924179714,-6.059451206627195e-06,0.09239135733094704,0.010765710463279845,-8.100755208747508e-19,0.018550472506594636,0.017620036449028705,0.0016704249428585172,0.029074962018057704,0.01857817812921613,0.017611670661186397,0.0017273640260100365,0.001618133974261582,2100,0.01514723505686473,0.016128191445333243,0.015326666736834232,0.01556095626184562,0.0,0.0,0.0,0.0,0.016400210744360304,0.017312854434189617,0.016392688545657567,0.016810923167988052,0.0,0.0,0.0,0.0,1.0,1.0,1.0,1.0,1.0,1.0,1.0,1.0
470,0.009921623097788268,0.011015594325562754,0.0013199189140397649,0.07270220259670168,0.1389524471014738,0.08851153596398681,0.01008372193625468,1.0496246415545395e-18,0.09238654191070216,0.010763796779924647,-1.3387452208840073e-18,0.0185514986355372,0.017270996895669403,0.001736024976707995,0.001620383933186531,0.018545128999990862,0.017615891681251845,0.0018758840160444379,0.001689294003881514,2101,0.014884983104258162,0.015756332408465138,0.01498589628239859,0.015171200979699314,0.0,0.0,0.0,0.0,0.016403892093362363,0.01731916133615502,0.01639719601342778,0.016815602563677354,0.0,0.0,0.0,0.0,1.0,1.0,1.0,1.0,1.0,1.0,1.0,1.0
471,0.009984943813195136,0.011139940460248333,0.0013189294038911624,0.1962910327129066,0.1154839132213965,0.08843159196909113,0.010011607438137313,9.483155002006545e-19,0.09227351310972029,0.010688030714165476,-3.282482310653892e-19,0.01859222399667115,0.017145725049528177,0.0018124349880963564,0.0019659949466586113,0.01857811286432022,0.01730391734819466,0.001992285018786788,0.001898634945973754,2200,0.014839196659026268,0.015675105962135626,0.014907284273992672,0.015099977159673877,0.0,0.0,0.0,0.0,0.016465612627806228,0.017352129548087934,0.01644483280446012,0.016852765849450977,0.0,0.0,0.0,0.0,1.0,1.0,1.0,1.0,1.0,1.0,1.0,1.0
472,0.009983631393608576,0.011139196957229881,0.0013189196362503287,0.10666629660408944,0.15370887611061335,0.08843123398112233,0.010010621760890945,-3.305018450715077e-06,0.092277835357336,0.010687781773195976,-9.842108926063437e-19,0.018587067625420853,0.01714221458933883,0.0017602939624339342,0.0016493439907208085,0.01858708810668744,0.017142313488505624,0.0016990640433505177,0.006097374949604273,2201,0.014839214072517835,0.015675067051016053,0.014907307237489576,0.015100032745928452,0.0,0.0,0.0,0.0,0.01646570750545322,0.017352158756421387,0.01644500419123164,0.01685291625150595,0.0,0.0,0.0,0.0,1.0,1.0,1.0,1.0,1.0,1.0,1.0,1.0
473,0.010100359157938702,0.011179201513577139,0.00131797385365525,0.2705231513828039,0.32557547267060727,0.08870579206439315,0.010319317470585499,1.228331857032088e-18,0.09406618965753459,0.011124951652498117,-1.1067166686630758e-18,0.017881749615997342,0.017101245694052133,0.0019829849479719996,0.0017642340390011668,0.018675210968171693,0.017238886283707865,0.0055546240182593465,0.002291355049237609,2300,0.014808875913723147,0.015580939043920682,0.014878829978090842,0.015065159477626442,0.0,0.0,0.0,0.0,0.015684870557714174,0.01642106943154116,0.015549099977406788,0.016003462840488807,0.0,0.0,0.0,0.0,1.0,1.0,1.0,1.0,1.0,1.0,1.0,1.0
474,0.010100134762362618,0.011178496983184426,0.0013179645083443172,0.06786333408672363,0.46787020191550255,0.08870002799937537,0.01031752637301017,-6.080017627413395e-19,0.09405764731080983,0.011122511159318534,-6.172250904528283e-19,0.017878212768652493,0.017098021512974394,0.00186471501365304,0.001726025016978383,0.017878215394954697,0.017098022220362545,0.0016894740983843803,0.0016811140812933445,2301,0.014808912365521692,0.015580959296189528,0.014878871117224753,0.0150652130394927,0.0,0.0,0.0,0.0,0.015684869528205744,0.016421068491844912,0.015549098871882923,0.016003464070680328,0.0,0.0,0.0,0.0,1.0,1.0,1.0,1.0,1.0,1.0,1.0,1.0
475,0.01031385983133798,0.011332719333424947,0.0013170587794010108,0.12589489459060133,0.8993813110282645,0.0889856026152193,0.010330618217770387,1.5214840568041908e-06,0.09424734382305129,0.011129350564562199,-3.950921222836973e-19,0.01813230562407559,0.017231977860632016,0.0020272150868549943,0.0023135460214689374,0.0181567762578489,0.017314640847958727,0.0018537850119173527,0.0019829750526696444,2400,0.014776730001678836,0.01549635038906273,0.014845124213809992,0.015009805864814041,0.0,0.0,0.0,0.0,0.015672851287661438,0.01639347051282639,0.015528633013831311,0.01598129611667413,0.0,0.0,0.0,0.0,1.0,1.0,1.0,1.0,1.0,1.0,1.0,1.0
476,0.010313655221107509,0.011332088767819791,0.0013170498216759287,0.04469141934532672,0.4431796626886353,0.08897491810122377,0.010328073489883757,1.0913682578360817e-18,0.09423501773693772,0.011126496209426046,-8.793936837622126e-19,0.01812890859185109,0.017228966791483617,0.0022007450461387634,0.002023975015617907,0.018128911103434363,0.01722894028927425,0.00171095400582999,0.0017264450434595346,2401,0.014776740779226326,0.015496372364893124,0.014845141159343062,0.015009837698401824,0.0,0.0,0.0,0.0,0.015672850440811428,0.01639346975476839,0.015528631944992672,0.015981296843587147,0.0,0.0,0.0,0.0,1.0,1.0,1.0,1.0,1.0,1.0,1.0,1.0
477,0.0103107134985735,0.011376268946765543,0.0013161809158074923,0.08049411664251238,0.2716329615795985,0.0889658810088805,0.010277803138625955,-2.5204511680368903e-19,0.09427356709009992,0.011112470952873292,-1.0741679876734818e-18,0.018151259132283645,0.017299244746358636,0.0019327650079503655,0.0019211639882996678,0.018143670191855525,0.017266587114182358,0.018028165097348392,0.0020064139971509576,2500,0.014779197640644162,0.015499145100279643,0.01484690727103656,0.015008360134642913,0.0,0.0,0.0,0.0,0.015654212920139302,0.016390650420284293,0.01552633592569912,0.01597699392532901,0.0,0.0,0.0,0.0,1.0,1.0,1.0,1.0,1.0,1.0,1.0,1.0
478,0.010296215243887121,0.011375703935389453,0.00131617231503227,0.308496801299043,0.08730460575316101,0.08895635239825583,0.010275402535919135,-4.773719230711215e-06,0.09426272522098392,0.01111006849060392,-1.2716318698849978e-18,0.01814794859284053,0.017296372798887925,0.002141654957085848,0.0022733850637450814,0.0181479977542926,0.017296357631484245,0.001918985042721033,0.0019179850351065397,2501,0.014779210156155301,0.015499161523923801,0.01484692443642379,0.01500839100172109,0.0,0.0,0.0,0.0,0.015656571859155387,0.01639219842010267,0.01552950476487568,0.015979684413000635,0.0,0.0,0.0,0.0,1.0,1.0,1.0,1.0,1.0,1.0,1.0,1.0
479,0.010487390951960426,0.011626514073622578,0.0013153373764894264,0.06880886887665838,0.3215307267382741,0.08889900282607832,0.010249867522532596,-3.96445991664872e-06,0.09411434053535017,0.01103977259836438,-2.2970357272462702e-18,0.018354672806687282,0.017411101401410823,0.02170890395063907,0.0022370360093191266,0.01836266823745549,0.01747655134923318,0.0019243749557062984,0.01131815800908953,2600,0.014861146857016115,0.015472921861957822,0.014817750464960384,0.01490931815668373,0.0,0.0,0.0,0.0,0.0156452124358201,0.0163767041960877,0.015499954230153122,0.015948499765218446,0.0,0.0,0.0,0.0,1.0,1.0,1.0,1.0,1.0,1.0,1.0,1.0
480,0.010488486821642922,0.01163682691015536,0.0013153291055137829,0.4367863218067214,0.08738127176184207,0.08889093428903602,0.01024743146827412,-7.479587704576619e-06,0.09410355822548835,0.011037350215827565,-3.3359563487475527e-18,0.018352273206533334,0.01740309127950815,0.01016799604985863,0.002374056028202176,0.018353767957956874,0.01740892389616754,0.002109125955030322,0.08109652099665254,2601,0.01486318280940949,0.01547127123832774,0.014813483544927088,0.014905232358503672,0.0,0.0,0.0,0.0,0.015645990638966063,0.016376455426471214,0.015499141979344171,0.01594813154045926,0.0,0.0,0.0,0.0,1.0,1.0,1.0,1.0,1.0,1.0,1.0,1.0
481,0.010523067541366709,0.01171567107613213,0.0013145255976076621,0.20320293284021318,0.054018195951357484,0.08885325364977865,0.010204793978389531,-6.546702209204467e-06,0.094053526493049,0.011006584401225504,-4.591655338776429e-18,0.018353987961501166,0.01738768384877488,0.0023933560587465763,0.002150645013898611,0.01837040534095024,0.017408221325576168,0.002064454951323569,0.002011885051615536,2700,0.014858732311953273,0.015451973751170186,0.014798376741609255,0.014881444285539568,0.0,0.0,0.0,0.0,0.015660969273693977,0.016375544039440682,0.015497663668035837,0.0159494021726828,0.0,0.0,0.0,0.0,1.0,1.0,1.0,1.0,1.0,1.0,1.0,1.0
482,0.010522880585192585,0.011732605975163492,0.0013145176322581535,0.18994352058507502,0.10797444020863622,0.08885103698827242,0.010203376507857746,-4.5827394291164424e-06,0.09404911765766508,0.01100506431760346,-4.727452526135268e-18,0.01835094883423844,0.017389198315618984,0.002047655056230724,0.004744512028992176,0.01835095443287943,0.017385102085134902,0.0021724950056523085,0.002060585073195398,2701,0.014863674421303473,0.015456034929013571,0.014798382253523746,0.014885210568902074,0.0,0.0,0.0,0.0,0.01566097025729258,0.01637554411170094,0.01549766249115696,0.01594940407508254,0.0,0.0,0.0,0.0,1.0,1.0,1.0,1.0,1.0,1.0,1.0,1.0
483,0.010471630203770255,0.011715110548179575,0.001313743291586726,0.13160501490347087,0.0822429615072906,0.08878864771285568,0.010143138704475533,6.378912992363838e-19,0.09400968343526374,0.01096298185712428,-2.4353082903098966e-18,0.018346766072931238,0.01740045684505767,0.002317336038686335,0.0022514060838148,0.018339174268304424,0.017381474984060324,0.002737047034315765,0.004119131015613675,2800,0.014852555719407766,0.015469401823891123,0.014795772845374174,0.014890179557454971,0.0,0.0,0.0,0.0,0.015667440866358604,0.016379485803852355,0.015519877383311054,0.015965729886261968,0.0,0.0,0.0,0.0,1.0,1.0,1.0,1.0,1.0,1.0,1.0,1.0
484,0.010471460347592146,0.011714591037844084,0.001313735610247403,0.10021901573054492,0.1321254881331697,0.08878100136430438,0.010141145075780749,6.804119701897806e-19,0.09400301077310397,0.010961152303371377,-2.535458689721275e-18,0.01834382641137196,0.017397948582563206,0.002719365991652012,0.016274209949187934,0.01834383392575561,0.01739794321269785,0.015471277991309762,0.010475946008227766,2801,0.0148525635282188,0.015469409798426483,0.014795781643503023,0.01489019705541359,0.0,0.0,0.0,0.0,0.015667433707979746,0.016379482521698466,0.015519865345628603,0.015965723828154307,0.0,0.0,0.0,0.0,1.0,1.0,1.0,1.0,1.0,1.0,1.0,1.0
485,0.01046118629807672,0.01170629890154023,0.0013129884088415686,0.16937487514223903,0.15409894695039839,0.08908900954798664,0.010223249178052056,7.454900632778296e-19,0.09424979979146274,0.011056018987138984,-3.899011527953973e-18,0.0184072199093226,0.017482730143515243,0.0028526470996439457,0.0023378260666504502,0.01839658404458057,0.017472580453154328,0.0024437459651380777,0.002352264942601323,2900,0.014868575481804692,0.015482028117853569,0.01481120299433024,0.014913875985472511,0.0,0.0,0.0,0.0,0.015680001963134026,0.016388212674492326,0.015547205723754495,0.015985124040759482,0.0,0.0,0.0,0.0,1.0,1.0,1.0,1.0,1.0,1.0,1.0,1.0
486,0.010461010338656035,0.011705788512580707,0.0013129809921059135,0.16777070052921772,0.0933910581516102,0.0890778368781423,0.010220846157917362,7.350971557807513e-19,0.0942398093280487,0.01105373102364108,-3.6433013972332284e-18,0.018404343469794006,0.0174802769114438,0.002371276030316949,0.0022686050506308675,0.018404351292220934,0.017480262307401448,0.22286875289864838,0.007821109960786998,2901,0.014868583185319778,0.015482040931655281,0.014811210325408674,0.014913893106667821,0.0,0.0,0.0,0.0,0.015679990317697293,0.01638820704365445,0.015547187550394947,0.015985112607299456,0.0,0.0,0.0,0.0,1.0,1.0,1.0,1.0,1.0,1.0,1.0,1.0
487,0.01046637098189532,0.011787092011246673,0.0013122591059065126,0.3201429487671703,0.1948498075362295,0.08897334132412803,0.010156193190857024,-2.920997432138544e-06,0.09411310635077738,0.01099795178490198,-3.6002621648961274e-18,0.018493777906491617,0.017544741345180543,0.011482267989777029,0.002229965990409255,0.018501895208616045,0.01755989712038445,0.0021397960372269154,0.0034825089387595654,3000,0.01488114782228567,0.015484798448732325,0.014800599085891219,0.014905445968102872,0.0,0.0,0.0,0.0,0.015673498236555027,0.016383396145792765,0.015529308107308081,0.015972896029062277,0.0,0.0,0.0,0.0,1.0,1.0,1.0,1.0,1.0,1.0,1.0,1.0
488,0.009171843787849404,0.009550055236417875,0.0009368797094027783,0.10899155924562365,0.04615829302929342,0.07306472977260152,0.006206664821313844,-1.2143064331837649e-18,0.07145343116107161,0.005574553687655554,9.71445146547012e-19,0.01459498732131738,0.01748554399055563,0.00021500000730156898,0.00021535006817430258,0.0,0.0,0.000209511024877429,0.0001614500069990754,0,0.019182113797378317,0.019428838268270028,0.01952259084395433,0.01845822859566429,0.0,0.0,0.0,0.0,0.023113597693208955,0.02338946268737767,0.02307372394688888,0.02321636088207236,0.0,0.0,0.0,0.0,0.0,0.0,0.0,0.0,0.0,0.0,0.0,0.0
489,0.009171100100146443,0.009538897183996075,0.00093657054909536,0.07698118407279253,0.1158957997104153,0.0729794783795363,0.006182703336577575,-3.4014185803466805e-20,0.07146436572263844,0.005571751201486108,-1.0204255741040042e-19,0.014488226184329147,0.017112347064895186,0.00026233098469674587,0.00025413103867322206,0.01448791205991635,0.017321848544626053,0.0004141509998589754,0.00024447101168334484,1,0.01949490302404345,0.01976071399886494,0.019816796368759104,0.018729985971276068,0.0,0.0,0.0,0.0,0.023113771453788966,0.02338964787966261,0.02307390843397831,0.02321660541510758,0.0,0.0,0.0,0.0,0.0,0.0,0.0,0.0,0.0,0.0,0.0,0.0
490,0.010573706250872903,0.010052799145969765,0.0009198813466998585,0.11304583994206041,0.10532999772112817,0.08109130850047472,0.0075709719800685,-1.1564823173178715e-20,0.08180657396905178,0.007565340944866318,-1.0119220276531375e-18,0.017375057557093423,0.016278481628408163,0.00026843103114515543,0.0003084009513258934,0.021036768991686883,0.020202477380786968,0.0002455709036439657,0.0002784309908747673,100,0.016856752186129215,0.01730627763941713,0.017437639672078686,0.01708514443958397,0.0,0.0,0.0,0.0,0.018272581754720046,0.01961656061375599,0.018711681161513193,0.018804242263310005,0.0,0.0,0.0,0.0,0.0,0.0,0.0,0.0,0.0,0.0,0.0,0.0
491,0.010547019823112843,0.0100525585479946,0.0009197794824919006,0.0667581275338307,0.07816870557144284,0.08092105842913964,0.007541297596747287,7.467352711158441e-19,0.08163418748846342,0.007536497921082557,-1.3067867244527272e-18,0.01729042938893772,0.016237068188479545,0.00032866105902940035,0.0004413509741425514,0.01730334845057456,0.01623700499190359,0.00027896102983504534,0.0002761909272521734,101,0.016856862484869,0.017306354580184362,0.017437779753457196,0.017085253593005875,0.0,0.0,0.0,0.0,0.018259430079522476,0.01960268537881411,0.018694556926288144,0.01878875929434438,0.0,0.0,0.0,0.0,0.0,0.0,0.0,0.0,0.0,0.0,0.0,0.0
492,0.009726983521182555,0.010282246441989452,0.0009120829413037081,0.1346569253364578,0.058436523424461484,0.08391227247472473,0.008079375529748224,-1.1666015375944028e-19,0.08530388589162693,0.008331719110705425,-2.0990154059319365e-19,0.01580906025127749,0.014733405294375036,0.0004055909812450409,0.0003174800658598542,0.01934382706721811,0.016604742755542745,0.0003272509202361107,0.0004464410012587905,200,0.015348321672120201,0.015962422342808754,0.015650308149525293,0.015503074272143438,0.0,0.0,0.0,0.0,0.0161006176930102,0.017279744391696817,0.016283968130821887,0.016432630494534587,0.0,0.0,0.0,0.0,0.0,0.0,0.0,0.0,0.0,0.0,0.0,0.0
493,0.009996871965613267,0.010497540744142173,0.0009120222590807487,0.16352539940271527,0.043813602649606764,0.08395549410215589,0.008086151111901156,-3.455624454137066e-20,0.08534640640474334,0.008337984918341894,4.2158618340472205e-19,0.016226139951963182,0.01503152226908957,0.006347314920276403,0.0005451920442283154,0.016062693083658083,0.014947766334958064,0.0003280510427430272,0.0005141310393810272,201,0.015424916080596944,0.016075213508387136,0.015777723344964103,0.015691302393502016,0.0,0.0,0.0,0.0,0.01609183187144652,0.01727619975456362,0.016284229701615027,0.016426221220001477,0.0,0.0,0.0,0.0,1.0,0.0,0.0,0.0,0.0,0.0,0.0,0.0
494,0.008960699726577828,0.009628905706871898,0.0009069824131009366,0.14453664747998118,0.0657585394801572,0.08371583256093164,0.008064231807797435,1.7842870038618587e-19,0.08590402368723891,0.008455325489879956,-2.3170949286261636e-19,0.01624567350781175,0.015065490851552576,0.00043353100772947073,0.00038209103513509035,0.015385497356210493,0.014655281457785062,0.0003481409512460232,0.0003599810879677534,300,0.015944590637419116,0.016907183078879562,0.01643149125212189,0.016327556466037063,0.0,0.0,0.0,0.0,0.017155100500294836,0.017963575494760006,0.017425501289873368,0.016888479813416846,0.0,0.0,0.0,0.0,0.0,0.0,0.0,0.0,0.0,0.0,0.0,0.0
495,0.00896246143359708,0.009604646185522696,0.0009069392860698079,0.0812370334751904,0.10836273129098117,0.08375255233845125,0.008066914307506822,-4.695120519025546e-20,0.08592663123335101,0.0084550837731434,5.930678550348059e-20,0.01622491967103899,0.015031586374729324,0.0006329619791358709,0.0004506009863689542,0.016244148709489845,0.01504375324533798,0.0004536209162324667,0.00041170092299580574,301,0.015943370006828238,0.016892610926945897,0.016436939427439713,0.01631448148781648,0.0,0.0,0.0,0.0,0.017134095242283594,0.017933123636346936,0.017402460053176774,0.01686367458378087,0.0,0.0,0.0,0.0,0.0,0.0,0.0,0.0,0.0,0.0,0.0,0.0
496,0.008743175898002841,0.0097414879052231,0.0009031913953454607,0.13369504164438695,0.04373485408723354,0.08449775848209007,0.00841701270735273,-5.310181307017893e-19,0.08637300073851861,0.008780004648722707,-7.45931094670027e-19,0.01711127273803196,0.015664465125523386,0.0006240409566089511,0.0006085810018703341,0.0162252064333435,0.015474370885415499,0.0005341509822756052,0.0006212008884176612,400,0.016063562490517158,0.016689647877302594,0.016350475166240296,0.0159416210592438,0.0,0.0,0.0,0.0,0.01775603553043994,0.01846770281702086,0.017740064073557667,0.017519035613031753,0.0,0.0,0.0,0.0,0.0,0.0,0.0,0.0,0.0,0.0,0.0,0.0
497,0.008734931587710323,0.00973505648593443,0.0009031579815437887,0.09525871998630464,0.043971273698844016,0.08445472180922234,0.008407635278551186,5.384950923209601e-19,0.08636718768081425,0.008775769759569719,-8.000498514482835e-19,0.017084091780377265,0.015640137863532542,0.0008831730810925364,0.0006017319392412901,0.017084475338123503,0.015644911392188203,0.0007342610042542219,0.0007791419047862291,401,0.016062764959228502,0.01668934755600237,0.01634931453086155,0.01594006754730647,0.0,0.0,0.0,0.0,0.017756438058994392,0.018467530436804963,0.01774114266534936,0.017519695257313908,0.0,0.0,0.0,0.0,0.0,0.0,0.0,0.0,0.0,0.0,0.0,0.0
498,0.008842408487022117,0.010162155750760992,0.0009001757070680659,0.07809225528035313,0.06353328155819327,0.08408394306588504,0.008298080453383799,-2.460153293203472e-19,0.08608457269222113,0.008629924965723457,-7.370603496224183e-19,0.019464165462799186,0.015772315546766807,0.000862092012539506,0.0006115410942584276,0.017936879280784895,0.017025504979907978,0.0007744720205664635,0.0006494210101664066,500,0.01572329139233431,0.016534333504305734,0.015765033599708624,0.015753857781865468,0.0,0.0,0.0,0.0,0.019125184707352142,0.019791286761180294,0.019152436973216933,0.019123325341687814,0.0,0.0,0.0,0.0,1.0,0.0,1.0,1.0,1.0,0.0,1.0,1.0
499,0.008836652042360834,0.010160344052933642,0.0009001484541970975,0.09291554242372513,0.050737869925796986,0.0840912499730541,0.008298271218951688,-1.2908105719609635e-19,0.08610163177811293,0.008630675149628711,-8.358785533064289e-19,0.019439032908587135,0.01575959676097691,0.002170486026443541,0.0006616319296881557,0.019439131343187095,0.015760324340319466,0.0006403310690075159,0.002080314909107983,501,0.015720591199394708,0.016530441233167423,0.01576146179145102,0.015749620986528497,0.0,0.0,0.0,0.0,0.01912508213796822,0.019791189027822103,0.019152313326966538,0.019123272716772822,0.0,0.0,0.0,0.0,1.0,0.0,1.0,1.0,1.0,0.0,0.0,1.0
500,0.008735941510990131,0.010226470486877526,0.0008976728924169604,0.08487321005668491,0.08730742905754596,0.08387665429094932,0.0081691528999944,-3.8630957407329665e-19,0.08589440574249868,0.008490745728266445,1.5479071016408431e-19,0.01966360361468092,0.01559357164296506,0.000688282074406743,0.0006479410221800208,0.018606025791313503,0.01564273176748195,0.0006861720466986299,0.0006166220409795642,600,0.01622425596847893,0.017273167379284138,0.016226103964152833,0.0165380555759455,0.0,0.0,0.0,0.0,0.019997736206787044,0.020656361926510228,0.02023208662306786,0.020053245831977984,0.0,0.0,0.0,0.0,0.0,0.0,0.0,0.0,0.0,0.0,0.0,0.0
501,0.008730912217563513,0.010223360060246734,0.0008976498931453869,0.07643115753307939,0.08062439353670925,0.08386896224512953,0.00816393969320931,-1.598823480162956e-19,0.08586449859977811,0.008485154765595257,3.0111175543069e-19,0.019644983027825736,0.015585378470220658,0.0007199420360848308,0.0011347329709678888,0.019641786540309868,0.015582220509161823,0.0006697420030832291,0.0006150220287963748,601,0.016224854808396985,0.017272600993890948,0.016226187648283447,0.01653785459695028,0.0,0.0,0.0,0.0,0.020000223078352693,0.02065892837515682,0.020235217381283623,0.020056026359887274,0.0,0.0,0.0,0.0,0.0,0.0,0.0,0.0,0.0,0.0,0.0,0.0
502,0.008456539004851004,0.009852631190221159,0.0008955344810309269,0.011004254221916199,0.08266113803256303,0.08435446714995215,0.008283306747235203,1.3646491344350882e-19,0.0863605127431476,0.008599560349419605,-5.921189464667501e-19,0.01916058573217544,0.016575355887833973,0.0008321220520883799,0.00075179198756814,0.019157063915622462,0.0154012229702108,0.0007052919827401638,0.0008230319945141673,700,0.01699081813036694,0.01755625137999122,0.016979853170982613,0.016822078104373264,0.0,0.0,0.0,0.0,0.02008576877054178,0.020771386534349286,0.02034406017434838,0.020150894067662253,0.0,0.0,0.0,0.0,0.0,0.0,0.0,0.0,0.0,0.0,0.0,0.0
503,0.008452363998295496,0.009848151047254923,0.0008955145937409016,0.014356936910189688,0.05475894606206566,0.08433767636679765,0.008279170628729335,7.668817496994673e-19,0.08634671578645493,0.008595967208154483,1.24733778565576e-19,0.01914477826958422,0.016562582603329008,0.0007395719876512885,0.0008167620981112123,0.0191421571054819,0.016561924131136614,0.0008697920711711049,0.0009112119441851974,701,0.01699119443891935,0.017556776100826368,0.01698024640683929,0.016822689865407008,0.0,0.0,0.0,0.0,0.020088235947209286,0.020773963345455972,0.0203471118201672,0.020153643650001087,0.0,0.0,0.0,0.0,0.0,0.0,0.0,0.0,0.0,0.0,0.0,0.0
504,0.008447689031782717,0.00950738323253015,0.0008936682963493455,0.0626672626240179,0.2594644738128409,0.0856201477560859,0.008645283446428481,5.918468329803224e-20,0.0879832493450627,0.00914933544634197,7.760336491060951e-19,0.019173429874869533,0.016426105266555076,0.0010999820660799742,0.0010825429344549775,0.01881626407553558,0.01637593278349636,0.0009157119784504175,0.0008162020239979029,800,0.015754059364314208,0.01663061930256854,0.015994551901999634,0.015941090331334375,0.0,0.0,0.0,0.0,0.020274381429150574,0.02102360391406969,0.020572154085179057,0.02035322350327185,0.0,0.0,0.0,0.0,0.0,0.0,0.0,0.0,1.0,0.0,1.0,1.0
505,0.008382150574187681,0.00948909980856841,0.0008936507839126796,0.08910464169457555,0.14882253669202328,0.08561486144829246,0.008642883803666804,3.873060639666197e-20,0.08797961644794171,0.009147876511267566,3.536715899905711e-19,0.019282786708914732,0.016425344407117737,0.000913571915589273,0.0008322929497808218,0.019156605672522434,0.01641357770617607,0.0008316920138895512,0.000891761970706284,801,0.015762926820105473,0.016643078978978116,0.016007249909298422,0.015950739333324943,0.0,0.0,0.0,0.0,0.020386526518654115,0.021148625746202566,0.020705166289046954,0.020470491782475907,0.0,0.0,0.0,0.0,0.0,0.0,0.0,0.0,1.0,0.0,1.0,1.0
506,0.008689469874251399,0.00941041046132608,0.0008920131838504867,0.022903957753442228,0.0431154997786507,0.08627297285260804,0.00897977441393074,2.739037067331801e-20,0.0892278634261526,0.00946582511506446,-4.601582273117426e-19,0.017692309391350802,0.017373602283353204,0.0009621119825169444,0.0010342620080336928,0.019441258374567186,0.01632511190486622,0.0009467320051044226,0.0009771520271897316,900,0.016567593751345373,0.017615848933678215,0.016552964525317574,0.016993690108882385,0.0,0.0,0.0,0.0,0.018488980744407957,0.01930218023920526,0.01839565798600825,0.018475053722889843,0.0,0.0,0.0,0.0,0.0,0.0,0.0,0.0,1.0,0.0,1.0,1.0
507,0.008685879142627367,0.009406445315865201,0.0008919975428642406,0.027347070863470435,0.047799437190406024,0.08626326824387616,0.008976550056698116,2.3348538898531157e-19,0.08920713407775574,0.00946130306075986,-5.052769746010259e-19,0.017679521091411722,0.017360358510798514,0.004115250078029931,0.000990892993286252,0.01767925222044186,0.017361264258848742,0.00103543302975595,0.000879882019944489,901,0.01656798274611212,0.017615745101948032,0.016553414435285373,0.01699405788877987,0.0,0.0,0.0,0.0,0.018489551898864382,0.01930270410698326,0.018396479988029627,0.018475742493063975,0.0,0.0,0.0,0.0,0.0,0.0,0.0,0.0,1.0,0.0,1.0,1.0
508,0.00909510466589835,0.009417300366000164,0.0008905264947281423,0.07967387314420193,0.05467953335028142,0.08620634827614891,0.008919504114220317,1.0705722023171152e-18,0.08918108174452978,0.009431548113057306,-3.1390234327199366e-19,0.01814700995652979,0.0175513056479464,0.0011195630067959428,0.0009071830427274108,0.018327563739335605,0.01762102978719527,0.0009865129832178354,0.0010114129399880767,1000,0.015831403284072194,0.017067470722197286,0.016015359535843297,0.01618428639605246,0.0,0.0,0.0,0.0,0.018062429789667572,0.0188878667842325,0.01790532861888936,0.018033720716984666,0.0,0.0,0.0,0.0,1.0,0.0,1.0,1.0,1.0,1.0,1.0,1.0
509,0.009104909296090431,0.009416288930941534,0.0008905123662258784,0.1239397554891184,0.06919526041019708,0.08619561885746903,0.00891635951414944,-1.9806547775187142e-19,0.0891674351775615,0.00942791474515845,-3.2020585569885877e-19,0.018166944466488196,0.017548491897734518,0.0009922730969265103,0.000913323019631207,0.018175011001382246,0.017546391569353285,0.0010291819926351309,0.0009073420660570264,1001,0.01583168151977163,0.017068536545505036,0.016014205304054403,0.016182451175084808,0.0,0.0,0.0,0.0,0.01803218328262359,0.01885722208721345,0.017866582947604515,0.018002159032714467,0.0,0.0,0.0,0.0,1.0,0.0,1.0,1.0,1.0,1.0,1.0,1.0
510,0.00914845176378807,0.00965739355844796,0.0008891773048255672,0.07557790202554315,0.08371111296582967,0.08652108353293246,0.008914050123533667,7.165162183382464e-19,0.08984129007821127,0.009475426247482722,-6.320427273341584e-19,0.01832635805621869,0.0172221778658088,0.007893269998021424,0.0010065329261124134,0.01837048167537852,0.017548954988708357,0.001683903974480927,0.0011438530636951327,1100,0.015654803667656713,0.016824587809864677,0.01585259157933518,0.016004025642323397,0.0,0.0,0.0,0.0,0.018032010672809625,0.018804905334394967,0.01787836298091957,0.01801485749665266,0.0,0.0,0.0,0.0,1.0,0.0,1.0,1.0,1.0,1.0,1.0,1.0
511,0.009145518193829374,0.009634476399178474,0.0008891644238908964,0.05628467013593763,0.11189603595994413,0.08651105115379558,0.008911320175298307,4.548054397481063e-06,0.08983331230554994,0.009472982889619041,-4.913291513192346e-19,0.01831575630463967,0.01721369004196901,0.0010770029621198773,0.0010291030630469322,0.018315450608966454,0.017212588769039514,0.0014869329752400517,0.00136954290792346,1101,0.015654549054124427,0.016825983081677657,0.015859311760756323,0.01600376786415312,0.0,0.0,0.0,0.0,0.018032624076999484,0.018805420950398298,0.01787920692971316,0.018015579271585987,0.0,0.0,0.0,0.0,1.0,0.0,1.0,1.0,1.0,1.0,1.0,1.0
512,0.0091324506619791,0.009403358882154943,0.0008879424791337639,0.14499218203127384,0.04641063476447016,0.08593906967036342,0.008769538039993393,3.809452753245068e-19,0.08928474129293315,0.009336890673992009,-1.1102230246251566e-20,0.01845090501066657,0.017663486382835027,0.0013128439895808697,0.0010641429107636213,0.018586205212061998,0.017134260536093168,0.0010959430364891887,0.0011465130373835564,1200,0.015853189950747703,0.017130424257735984,0.016181000048039254,0.01632246719533668,0.0,0.0,0.0,0.0,0.017807052769810528,0.01859512352538092,0.017606777628549872,0.0177829527116473,0.0,0.0,0.0,0.0,1.0,0.0,1.0,1.0,1.0,1.0,1.0,1.0
513,0.009129923364897291,0.009400745755805712,0.0008879306447127425,0.13787426822818816,0.046433632262051105,0.08597842318821776,0.008777410027711935,2.232537806812677e-19,0.08932003894399979,0.009343513830004167,-6.933347226126327e-20,0.01844106780768938,0.01765247347785273,0.001118023064918816,0.004993031965568662,0.01844092919606364,0.01765427278278036,0.0012417330872267485,0.0013414729619398713,1201,0.015852734067072462,0.017129522096684828,0.01618002910395801,0.016321970286522453,0.0,0.0,0.0,0.0,0.01780751069992789,0.018595435728532336,0.01760744336268852,0.017783520691115558,0.0,0.0,0.0,0.0,1.0,0.0,1.0,1.0,1.0,1.0,1.0,1.0
514,0.00952297579360823,0.01004939825610685,0.0008868042596500733,0.09982836002018303,0.05395848653279245,0.08638418154904291,0.008897481068088277,-3.1096524532324986e-19,0.08980754368648904,0.009480142765412647,-1.8445892961220047e-18,0.018147586770059537,0.017737368292642434,0.0012907229829579592,0.0013215530198067427,0.019065884378872508,0.01824421696626116,0.0014573140069842339,0.0013824430061504245,1300,0.015557648533830551,0.016761699805749618,0.015923484255809014,0.01606194922837957,0.0,0.0,0.0,0.0,0.016685303181828315,0.017562173099289383,0.016605191699758777,0.01697993150294918,0.0,0.0,0.0,0.0,1.0,1.0,1.0,1.0,1.0,1.0,1.0,1.0
515,0.009532324080233702,0.010056701708236974,0.0008867933155697559,0.07701635221019387,0.07705676287878305,0.08637691637959767,0.00889523773135674,-8.705718110379536e-19,0.0897969702652738,0.009477313768259462,-1.9382421073182755e-18,0.018161186099580704,0.017729102993167812,0.001213963027112186,0.0012388029135763645,0.018173272961094052,0.017758411617278834,0.0014856740599498153,0.0013650930486619473,1301,0.015541293096104147,0.01673911588876639,0.015906315785924885,0.01604564635451185,0.0,0.0,0.0,0.0,0.016677946176722056,0.017551196029532458,0.016600557930911128,0.01697469827954829,0.0,0.0,0.0,0.0,1.0,1.0,1.0,1.0,1.0,1.0,1.0,1.0
516,0.009395862856094062,0.010045481013840049,0.000885748719778896,0.051922099548392,0.10015305480919778,0.08645694081612412,0.008863119827228932,1.6485854826869242e-18,0.08991355296425922,0.009458305190219181,-1.643800038615264e-18,0.018052671242600397,0.018092140580264798,0.0016504640225321054,0.0012825729791074991,0.018030015472352005,0.017671671008709214,0.021254831925034523,0.0012834729859605432,1400,0.015913387828721298,0.017150110575185437,0.01623095194524621,0.016447934510434355,0.0,0.0,0.0,0.0,0.016665853200599226,0.01755731951431411,0.016549762519724395,0.016938316447926836,0.0,0.0,0.0,0.0,1.0,1.0,1.0,1.0,1.0,1.0,1.0,1.0
517,0.009393558109102777,0.010042684185625334,0.0008857385423266828,0.04634047322906554,0.060903942794539034,0.0864662136115548,0.008863917713299542,1.3939955706333268e-18,0.08991962401157691,0.009458488246002568,-1.247542348161129e-18,0.01804406014252255,0.018083066175487036,0.0014807339757680893,0.0012459440622478724,0.018044400652168516,0.01808379832290454,0.0018269139109179378,0.0013484340161085129,1401,0.015913328776178997,0.01714973524513075,0.016230720646665277,0.016447931556115156,0.0,0.0,0.0,0.0,0.01666572138175682,0.01755714596452212,0.016549889667477436,0.0169383834941107,0.0,0.0,0.0,0.0,1.0,1.0,1.0,1.0,1.0,1.0,1.0,1.0
518,0.00935781066012726,0.009999216079060968,0.0008847647367470029,0.12653092958498746,0.071702626417391,0.08643681306820511,0.008824380801513362,-3.0543679558249295e-06,0.09000682272400895,0.00944370187599527,-1.0210386523723167e-18,0.01804135952687185,0.017892528716160767,0.0015908339992165565,0.0015967540675774217,0.01812755854071118,0.01801184497035866,0.001471622963435948,0.0014767039101570845,1500,0.01571320925636324,0.016975400422237396,0.016079078580390625,0.01620851985432881,0.0,0.0,0.0,0.0,0.01656655564423473,0.017458362176288957,0.01647417350578491,0.01685615632152403,0.0,0.0,0.0,0.0,1.0,1.0,1.0,1.0,1.0,1.0,1.0,1.0
519,0.009355731383376042,0.01000376205784147,0.000884755226266382,0.1169273592531681,0.09044524829369038,0.08642928778835761,0.008822113652057097,-7.404171122479989e-19,0.08999413680687644,0.009440777871865709,-1.4684962694061403e-18,0.018033420495335933,0.01787120562921163,0.001847455045208335,0.0015616639284417033,0.018033681991522034,0.017884959961262804,0.0015943439211696386,0.0015371539629995823,1501,0.015702767395451026,0.016962351185369366,0.016069437740326507,0.01619916009298607,0.0,0.0,0.0,0.0,0.016566436000394872,0.017458184664489538,0.016474261226660705,0.01685622206824113,0.0,0.0,0.0,0.0,1.0,1.0,1.0,1.0,1.0,1.0,1.0,1.0
520,0.009073597189965968,0.009835574401194983,0.0008838432867887811,0.0742383268661797,0.06313488457817584,0.08667189059018085,0.00885431705558487,1.720004610120034e-18,0.0903100484353712,0.009491579213369534,-3.090961829922311e-19,0.01782671565624839,0.017795531768019318,0.001540284021757543,0.001434453995898366,0.017899099521623493,0.017793531193515972,0.0013473130529746413,0.0015346539439633489,1600,0.015817537512406766,0.01704918630233935,0.01612473532825029,0.01631701479452946,0.0,0.0,0.0,0.0,0.016445554887380275,0.017371938884607863,0.01634100305443756,0.016745881960428456,0.0,0.0,0.0,0.0,1.0,1.0,1.0,1.0,1.0,1.0,1.0,1.0
521,0.009066375861195415,0.009829431573301168,0.0008838343618281497,0.04381774994544685,0.04014966089744121,0.0866502029634082,0.008850536043027324,-7.848809427950787e-19,0.09028610360713105,0.009487424346009504,-1.2293315971489184e-19,0.017827942980221268,0.017793050148184844,0.0015998940216377378,0.0013016830198466778,0.017819696875463368,0.017788420166667318,0.0015602839412167668,0.0014187329215928912,1601,0.015820560277886277,0.017054934831204936,0.01612747628000376,0.016318088334461498,0.0,0.0,0.0,0.0,0.016450442047288853,0.017379208528406288,0.0163440192646009,0.016748559550292797,0.0,0.0,0.0,0.0,1.0,1.0,1.0,1.0,1.0,1.0,1.0,1.0
522,0.008974870595705476,0.009764234464808124,0.000882976948640685,0.04541646922007203,0.0575881723780185,0.08647916299994131,0.008794023214695542,-5.422249950624648e-19,0.0901853194499269,0.00944613754580113,3.8163916471489756e-19,0.01766132089501759,0.01797667419990151,0.0017113639041781425,0.0018563750199973583,0.017691130946743606,0.01767167086781797,0.0017556840321049094,0.0016378440195694566,1700,0.016329530884314263,0.017463930672819684,0.016474161668915487,0.01688756915563079,0.0,0.0,0.0,0.0,0.016468853254442393,0.01737440251457809,0.016391642221954723,0.016791222411424733,0.0,0.0,0.0,0.0,1.0,1.0,1.0,1.0,1.0,1.0,1.0,1.0
523,0.008973255205276257,0.009762060737655821,0.000882968541778177,0.07846794452052563,0.08134442125447094,0.08648889843222156,0.008795026292828233,7.499632617443992e-19,0.09010268912292627,0.009434886988447405,-4.953522204388369e-19,0.017654547919144038,0.01796928702831547,0.0015324429841712117,0.0017477149376645684,0.017654744727019958,0.017969810513855815,0.0023825960233807564,0.0016784940380603075,1701,0.016329522120403943,0.01746364777169692,0.016474047381852652,0.016887530027161476,0.0,0.0,0.0,0.0,0.016468761574746308,0.017374274037632594,0.016391695290623894,0.01679128214541434,0.0,0.0,0.0,0.0,1.0,1.0,1.0,1.0,1.0,1.0,1.0,1.0
524,0.008848442805402666,0.00937265734325909,0.0008821595455970086,0.05177903943695128,0.05066606029868126,0.08674795904130139,0.008954034628600817,5.912125143802037e-19,0.09054896055529914,0.009632892321637688,-4.1703690050847833e-19,0.017477761359567398,0.017859810961320655,0.026478055980987847,0.0016886650118976831,0.01756992109359184,0.01785826182655604,0.0015946839703246951,0.001580044045113027,1800,0.016197848217287245,0.017357405653213576,0.016369707300596045,0.01678198572311603,0.0,0.0,0.0,0.0,0.016370316057650793,0.0172913733368777,0.016325775590207092,0.0167391631978281,0.0,0.0,0.0,0.0,1.0,1.0,1.0,1.0,1.0,1.0,1.0,1.0
525,0.008846985394294396,0.009371033863445927,0.0008821516003966623,0.03584516060072929,0.04960273776669055,0.08719975593090816,0.009179335881562332,-7.445909247237024e-19,0.09099870395948509,0.009857826822739103,-4.613277315232756e-19,0.017471554315705032,0.017853046218279232,0.0015519430162385106,0.0015836140373721719,0.017471639438501933,0.017853603624409266,0.001579064060933888,0.00180774403270334,1801,0.01619773442964412,0.01735706493387157,0.016369527672567774,0.016781868668166316,0.0,0.0,0.0,0.0,0.01636975219152926,0.017291151837203905,0.01632526352419843,0.016738740525328477,0.0,0.0,0.0,0.0,1.0,1.0,1.0,1.0,1.0,1.0,1.0,1.0
526,0.008788186268482519,0.0093080839279947,0.0008813858821842275,0.05938021664042026,0.020117476116865873,0.08742448497697479,0.009273327350475152,-6.111258952331085e-06,0.09128627985646416,0.009982932110628397,-2.2444652973792228e-18,0.01740743552950639,0.017994817929102284,0.0017576440004631877,0.00153944396879524,0.017390148649340673,0.01770419020883408,0.0016466140514239669,0.0016301240539178252,1900,0.016318329003055427,0.017550400795189325,0.016558624442424872,0.01695036240804938,0.0,0.0,0.0,0.0,0.016331012916503403,0.017299917755428187,0.016291399271949534,0.01672194874748288,0.0,0.0,0.0,0.0,1.0,1.0,1.0,1.0,1.0,1.0,1.0,1.0
527,0.00878513226837467,0.009193500067242524,0.0008813783509346688,0.036243409966118634,0.039940138813108206,0.08748092776104895,0.00928047147401988,-2.4262226544293262e-06,0.09135258928786594,0.00999854616335528,1.31593579930583e-19,0.017407669616917906,0.018210330294933942,0.001737933955155313,0.0017647839849814773,0.017402125252892146,0.01799667989358901,0.0018430240452289581,0.0034011879470199347,1901,0.016395987192094293,0.017660930864700386,0.016695655010723887,0.01707033504735286,0.0,0.0,0.0,0.0,0.016333979767652024,0.017303507097253815,0.016290808488453136,0.016719880057962395,0.0,0.0,0.0,0.0,1.0,1.0,1.0,1.0,1.0,1.0,1.0,1.0
528,0.008702248379374927,0.009070506037429168,0.0008806515469525797,0.07773345021996647,0.17057616310194135,0.08736494165702482,0.009218619554669204,-1.0962606161599774e-18,0.09113745601614931,0.009921076283685548,2.1874439928780714e-19,0.017554286511509518,0.018176640227781864,0.0019455250585451722,0.001843984005972743,0.017519337267495712,0.01822285927585135,0.002030994975939393,0.0019143839599564672,2000,0.016243585859427725,0.017525504196052286,0.016584255531583204,0.016915659261326543,0.0,0.0,0.0,0.0,0.01630841156475698,0.01731782047975123,0.016287289505855933,0.016719958490492792,0.0,0.0,0.0,0.0,1.0,1.0,1.0,1.0,1.0,1.0,1.0,1.0
529,0.00869678392298535,0.00906940222139551,0.000880644388958713,0.1029360955581069,0.048207719111815095,0.08735458842780712,0.009216264223866988,-9.79852338819664e-19,0.09112563587759881,0.009918507373255385,6.461866092863387e-19,0.01755315618070516,0.018170418542663772,0.019470249069854617,0.014582255971617997,0.017548682298136584,0.018171096436606367,0.00189454504288733,0.001603424083441496,2001,0.016243404053518432,0.01752513187474719,0.0165839919989784,0.01691553388971486,0.0,0.0,0.0,0.0,0.016309960850373798,0.017321629810376268,0.016289337726501957,0.016722300540132413,0.0,0.0,0.0,0.0,1.0,1.0,1.0,1.0,1.0,1.0,1.0,1.0
530,0.008832681261200128,0.00935462496410302,0.000879952762420127,0.06671175686642528,0.03562296077143401,0.08857036005473445,0.010096277924179714,-5.341690913948649e-06,0.09239135733094704,0.010765710463279845,-1.100540847084821e-18,0.01766453032527237,0.018663750970596357,0.0018265040125697851,0.0032524779671803117,0.017552561384644588,0.018077816162847336,0.003802479011937976,0.0017636639531701803,2100,0.016541284224756637,0.017896777441645702,0.01691150392286738,0.01721605774733432,0.0,0.0,0.0,0.0,0.016281057251114273,0.017388199613000088,0.016311698105736957,0.01673223692026371,0.0,0.0,0.0,0.0,1.0,1.0,1.0,1.0,1.0,1.0,1.0,1.0
531,0.008820732258411148,0.009772330748161312,0.0008799459426931766,0.0609700873028487,0.051855235011316836,0.08851153596398681,0.01008372193625468,1.1401512385691357e-18,0.09238654191070216,0.010763796779924647,-9.742194137517354e-19,0.017673269495740884,0.017758500647540164,0.0018327849684283137,0.0019841750618070364,0.01765915125522526,0.018658581656590026,0.0017532350029796362,0.001818454940803349,2101,0.015830369922747573,0.01703333687571272,0.016032706050760293,0.016285614233027875,0.0,0.0,0.0,0.0,0.016289119631424247,0.017401101079820038,0.016323671072858478,0.016742730361765032,0.0,0.0,0.0,0.0,1.0,1.0,1.0,1.0,1.0,1.0,1.0,1.0
532,0.008907349954574043,0.009958906848300196,0.000879286269260775,0.07000218948815018,0.03260710125323385,0.08843159196909113,0.010011607438137313,6.996718019773122e-19,0.09227351310972029,0.010688030714165476,-3.98600905368893e-19,0.017635318392711718,0.017218930850283046,0.002191225066781044,0.0019294939702376723,0.017724180192452504,0.017849775207310487,0.002122394973412156,0.0018701649969443679,2200,0.015411723841777662,0.01656421359445473,0.015567570832414234,0.0157682814354027,0.0,0.0,0.0,0.0,0.016304896551692517,0.017356923274560565,0.016273287038643638,0.016703025263646868,0.0,0.0,0.0,0.0,1.0,1.0,1.0,1.0,1.0,1.0,1.0,1.0
533,0.008906093310623853,0.00995823849786763,0.0008792797575002192,0.11540218978188932,0.031486359890550375,0.08843123398112233,0.010010621760890945,-2.7973041830047297e-06,0.092277835357336,0.010687781773195976,-1.2326478008995571e-18,0.017629964456986093,0.017214293896025194,0.0021986450301483274,0.0023108250461518764,0.017630184453758874,0.01721503758601097,0.002043924992904067,0.0021885959431529045,2201,0.015411367072213461,0.01656369541584575,0.015567145515418587,0.01576797604709976,0.0,0.0,0.0,0.0,0.01630488007752864,0.017356776163968024,0.016273351907691434,0.016703124904132685,0.0,0.0,0.0,0.0,1.0,1.0,1.0,1.0,1.0,1.0,1.0,1.0
534,0.008999893786048421,0.010055042468187416,0.0008786492357701667,0.0631841697031632,0.09252688090782613,0.08870579206439315,0.010319317470585499,1.3995896640221388e-18,0.09406618965753459,0.011124951652498117,-3.2664473962542005e-19,0.01703600120838624,0.01668773443393044,0.0025180859956890345,0.0023475950583815575,0.017731061721245556,0.017340738597721235,0.0021684649400413036,0.0022558660712093115,2300,0.015057436801895531,0.0160709101143365,0.015177664287437897,0.015374892240325008,0.0,0.0,0.0,0.0,0.01556987135245663,0.016508422411616347,0.015451642680776279,0.01589032061572335,0.0,0.0,0.0,0.0,1.0,1.0,1.0,1.0,1.0,1.0,1.0,1.0
535,0.00899967956734477,0.010054362363286672,0.0008786430055628781,0.07966602104716003,0.04027124191634357,0.08870002799937537,0.01031752637301017,-6.965457087716316e-19,0.09405764731080983,0.011122511159318534,-7.094583675677158e-19,0.01703235257730589,0.016684143167305737,0.002365526044741273,0.002265825984068215,0.017032368826525195,0.01668423326901009,0.0019711649511009455,0.0019516750471666455,2301,0.01505743776024656,0.016070867255862698,0.015177641054774147,0.015374930602982175,0.0,0.0,0.0,0.0,0.015569861459890774,0.016508415261562964,0.015451633289058018,0.0158903106297438,0.0,0.0,0.0,0.0,1.0,1.0,1.0,1.0,1.0,1.0,1.0,1.0
536,0.009218534388986484,0.01023481188577481,0.0008780391862673406,0.018125802744179964,0.05945617507677525,0.0889856026152193,0.010330618217770387,1.7031405263690964e-06,0.09424734382305129,0.011129350564562199,-9.976430112862536e-19,0.01722726449804498,0.01659384145041245,0.002538155997171998,0.001954555045813322,0.017285788457300093,0.016884632793195575,0.0020760350162163377,0.002757446956820786,2400,0.014892581971249465,0.015800052207930154,0.014999035180896285,0.015130203121165114,0.0,0.0,0.0,0.0,0.015540044012934797,0.016456044526917016,0.015409219937406722,0.0158486585931089,0.0,0.0,0.0,0.0,1.0,1.0,1.0,1.0,1.0,1.0,1.0,1.0
537,0.009218338937118428,0.010234179302665364,0.0008780332144506191,0.018303873017430305,0.06508431572001427,0.08897491810122377,0.010328073489883757,1.121094241512551e-18,0.09423501773693772,0.011126496209426046,-2.7779639507176533e-19,0.0172237906952683,0.016590711255868165,0.0025779559509828687,0.00628335599321872,0.01722380171951811,0.016590614398999837,0.002226924989372492,0.0022556650219485164,2401,0.014892636884705629,0.01580013565413368,0.014999112772842953,0.015130309542885934,0.0,0.0,0.0,0.0,0.015540035746619125,0.01645603945501051,0.015409213137271238,0.01584865160484029,0.0,0.0,0.0,0.0,1.0,1.0,1.0,1.0,1.0,1.0,1.0,1.0
538,0.009199523354411756,0.010261581340145274,0.0008774539438716615,0.05546246457379311,0.035196730750612915,0.0889658810088805,0.010277803138625955,-5.976292445669117e-19,0.09427356709009992,0.011112470952873292,-1.1575027428919754e-18,0.017324899900910372,0.016747190604736544,0.0023732660338282585,0.0035755489952862263,0.017233112248963844,0.016613221666185035,0.0024825759464874864,0.0027952069649472833,2500,0.014957817378371758,0.015883513771889235,0.015080104539388501,0.015206515151289807,0.0,0.0,0.0,0.0,0.015564162153106641,0.01650558280810267,0.015474102224621774,0.015907870673772605,0.0,0.0,0.0,0.0,1.0,1.0,1.0,1.0,1.0,1.0,1.0,1.0
539,0.009186651090510934,0.010261020686019145,0.0008774482100215133,0.06173373106867075,0.046559204114601016,0.08895635239825583,0.010275402535919135,-4.490093925303899e-06,0.09426272522098392,0.01111006849060392,-3.104277800013377e-19,0.017312997975869,0.01674413406728721,0.0037366889882832766,0.002374196075834334,0.017321536745668102,0.016744087556467162,0.0030523770255967975,0.002389916102401912,2501,0.014957855806695257,0.01588356424375112,0.015080155473432687,0.015206597303590497,0.0,0.0,0.0,0.0,0.015562792193591576,0.016502105524748747,0.015471032372374002,0.015905528821826734,0.0,0.0,0.0,0.0,1.0,1.0,1.0,1.0,1.0,1.0,1.0,1.0
540,0.009374254325917302,0.01053525821644262,0.0008768915843262843,0.017726773396134377,0.08596378716174513,0.08889900282607832,0.010249867522532596,-3.909555671018937e-06,0.09411434053535017,0.01103977259836438,-1.424437088198314e-18,0.017537321056579555,0.01668989493382492,0.0034570280695334077,0.0032130980398505926,0.017528256615620644,0.01692986939900021,0.0038230299251154065,0.003682698938064277,2600,0.014868855980853166,0.01567948443350838,0.014925977503948551,0.014991952824869138,0.0,0.0,0.0,0.0,0.015555749650988219,0.01649401623996121,0.015444055381157616,0.015864129502160505,0.0,0.0,0.0,0.0,1.0,1.0,1.0,1.0,1.0,1.0,1.0,1.0
541,0.009376476836368502,0.010548843648210765,0.0008768860703425219,0.07166490925010294,0.05677754315547645,0.08889093428903602,0.01024743146827412,-7.1462666733739636e-06,0.09410355822548835,0.011037350215827565,-1.0698879227544623e-18,0.017530803423120488,0.01666434022303053,0.00234854593873024,0.002163724973797798,0.017538257058603634,0.016689185582351485,0.0023533659987151623,0.002266646013595164,2601,0.014861790664518187,0.01566463249353308,0.01490513666979577,0.014975058125119853,0.0,0.0,0.0,0.0,0.015553749134085155,0.016490243570700638,0.015438111211087242,0.01585886129933171,0.0,0.0,0.0,0.0,1.0,1.0,1.0,1.0,1.0,1.0,1.0,1.0
542,0.009423874987576434,0.010634849105978783,0.0008763503984051081,0.09828278969507664,0.0879522719187662,0.08885325364977865,0.010204793978389531,-6.362272611666857e-06,0.094053526493049,0.011006584401225504,-4.776166835766689e-18,0.017465174626466306,0.016602826158390045,0.035639417939819396,0.005622233031317592,0.017548025724027572,0.016673904956755227,0.008774350979365408,0.0023033450124785304,2700,0.01483753753334175,0.015608601746926678,0.014852605837449157,0.01490737069965983,0.0,0.0,0.0,0.0,0.015539935273341408,0.016446870472919702,0.015385532391636488,0.015816657973384652,0.0,0.0,0.0,0.0,1.0,1.0,1.0,1.0,1.0,1.0,1.0,1.0
543,0.009423698399079904,0.010651797843453709,0.0008763450881721023,0.06387720094062388,0.05688518320675939,0.08885103698827242,0.010203376507857746,-4.435779586490082e-06,0.09404911765766508,0.01100506431760346,-4.293929301949861e-18,0.017462052219807497,0.016607616201083048,0.0027492569060996175,0.0028013670817017555,0.017462075000178344,0.016600138276282372,0.0024255660828202963,0.002528446028009057,2701,0.014843766813053355,0.015614146399785226,0.014851288607153424,0.01491392594031004,0.0,0.0,0.0,0.0,0.015539925650163067,0.01644686095940661,0.015385518810639582,0.015816649345350542,0.0,0.0,0.0,0.0,1.0,1.0,1.0,1.0,1.0,1.0,1.0,1.0
544,0.009354862290077728,0.010619338582546371,0.0008758288610578172,0.04906719084829092,0.06643593544140458,0.08878864771285568,0.010143138704475533,3.384993309044217e-19,0.09400968343526374,0.01096298185712428,-1.4927752016958314e-18,0.017357645401367486,0.0166965678201989,0.0030981479212641716,0.002375985961407423,0.017426849621776055,0.016586711980639192,0.002391465939581394,0.002596637001261115,2800,0.014880738206833775,0.015701912341910627,0.014919027122318714,0.014977866230705022,0.0,0.0,0.0,0.0,0.015395171568481912,0.01632075991008437,0.015268068710776897,0.015623515604188254,0.0,0.0,0.0,0.0,1.0,1.0,1.0,1.0,1.0,1.0,1.0,1.0
545,0.009354704892260802,0.010618825240020217,0.0008758237401649354,0.05451595666818321,0.05251687637064606,0.08878100136430438,0.010141145075780749,5.082554203882416e-19,0.09400301077310397,0.010961152303371377,-1.3714720150304185e-18,0.01735469102508536,0.01669394482410396,0.002649226924404502,0.0026903869584202766,0.01735468103725698,0.016693922888302078,0.0024386061122640967,0.0031962880166247487,2801,0.014880755491383454,0.01570192999555912,0.014919045588878898,0.014977899082289073,0.0,0.0,0.0,0.0,0.01539516953604999,0.016320768338327386,0.015268063812551707,0.015623508467030424,0.0,0.0,0.0,0.0,1.0,1.0,1.0,1.0,1.0,1.0,1.0,1.0
546,0.009340883629655563,0.01061412312539453,0.0008753256058943791,0.04504897759761661,0.1274582245387137,0.08908900954798664,0.010223249178052056,4.1273187786482086e-19,0.09424979979146274,0.011056018987138984,-3.5425111525943325e-18,0.017336533807868378,0.016785641172638865,0.0026541369734331965,0.0030951680382713675,0.01742952233712469,0.01677778026909306,0.0025535159511491656,0.0024127960205078125,2900,0.014892545932884747,0.01571023732030458,0.014926015199032663,0.015010910110363608,0.0,0.0,0.0,0.0,0.015347286446571217,0.0162430430032816,0.015234064097580699,0.01557940212341401,0.0,0.0,0.0,0.0,1.0,1.0,1.0,1.0,1.0,1.0,1.0,1.0
547,0.009340718923545648,0.010613614143872048,0.0008753206614039423,0.10381433495786041,0.13482825772371143,0.0890778368781423,0.010220846157917362,1.0634807212729722e-18,0.0942398093280487,0.01105373102364108,-3.4566613756735413e-18,0.017333668099813907,0.016783095544027626,0.0024699660716578364,0.0030932679073885083,0.017333659530078364,0.016783040860418638,0.002514605992473662,0.003031417028978467,2901,0.014892578198402236,0.01571028295419228,0.014926048794736147,0.015010962427327523,0.0,0.0,0.0,0.0,0.015347280944621976,0.016243050866688216,0.015234053963813053,0.015579388275632046,0.0,0.0,0.0,0.0,1.0,1.0,1.0,1.0,1.0,1.0,1.0,1.0
548,0.00934492293126628,0.010705975049003244,0.0008748394039376751,0.07154013577383012,0.06083143420983106,0.08897334132412803,0.010156193190857024,-2.834205977882086e-06,0.09411310635077738,0.01099795178490198,-1.999197710838845e-18,0.017427667626631504,0.016799755006736392,0.0026417769258841872,0.0024487859336659312,0.017438950346413004,0.01687304109835329,0.002966406987980008,0.004185050027444959,3000,0.014877354003948753,0.015674941078357013,0.014867697131740501,0.014970336848350883,0.0,0.0,0.0,0.0,0.015339890637160276,0.01623892393838146,0.01521286676686108,0.015560500987392643,0.0,0.0,0.0,0.0,1.0,1.0,1.0,1.0,1.0,1.0,1.0,1.0
